416,1,954
515,1,385,324,174,384
586,1,87
691,1,692,272
785,1,291,541
154,2,292,423,391,523,715,749,276,700,29
733,2,290,647,296,906,267,781,430,431,79,877,534,535,472,506,219,285,863,32
1938,2,1851,863,1130
1035,1012,2008
2029,2041,1012
2030,2041,1012
963,3,3152
2182,649,2866,1013
2032,1013,1350
1418,1501,1014,1726
1428,1546,1014,1726
1546,1014,1726
2025,1059,1446,2119,1802,1237,1014,1047,1501,1726
1060,1745,1381,1734,1015
1366,1060,1015
1379,1060,1381,1681,1745,1015
1237,1089,1059,1892,1220,1861,1068,1071,1016,1397,1688,442,1243,1501,1151
1440,1892,1445,1479,1016,1084
1441,1445,1479,1016,1084,1440
2094,1084,1398,1016
2678,2184,80
846,33,686,2184
3157,461,2184
2139,1017,1621
635,4,296,750,305,820,504,121
2307,2185,2307,2262
2357,2185,2307,2262
2540,2186,3043,2813
1550,1625,1018,979,1550
592,1018,327
589,740,5,295
2065,647,2092,781,1020,31
37,98,6,330,275,917,662
64,98,6,330,275,917,662
98,330,6,662
604,6,662
950,98,6,64
1177,1897,1022
65,644,7
683,644,7
1528,1025,1078
869,515,868,678,9,45,15,271,432,309,342,926,479
1987,9,309
1101,2106,1635,1030,1696
1110,1402,1030
1249,1539,1030,1142,1912
1245,2129,1942,1031
1488,1795,2004,1032,1931
1489,962,1646,1032
1873,1489,1032
159,569,10,584
203,386,387,388,933,934,585,10,655,848
261,10,291,34
560,10,754
821,10,399
971,825,10,934,159
388,435,12
946,12,205
1760,1034,1947,1364,2015
2015,1034,2016
2016,1034,2015
1492,1036,1055
1043,1038,1616
1310,1041,1038
1680,1412,1476,1038,1041,1043,1048
56,2197,973
3280,2197,973,2902,56
1108,1777,1770,1091,1039
1175,1777,1770,1091,1039
1405,1091,1925,1039,1777,1108,1175
1537,58,1039,2120
1637,58,1039,1048
1683,58,1637,1039
1770,58,1039
1213,1938,1851,863,1040
1077,1041,1600
1079,1041,1372,1077,1600
2037,1042,1308,1476,1120
2461,1668,1544,2203,80,3154,3029,3163,829
780,1665,1280,1896,1007,883,180,3029,888,89,2203,32
829,610,35,1668,38,1544,463,80,3029,279,2203
3163,610,2203,3029,80
1038,1043,1616
1139,1635,1044
1829,1635,1044,2140,1696
1894,1635,1895,1352,1044,1117
2140,1482,1635,1044,1117
2166,1635,1044
1275,1893,1045
1454,1046,1471
1705,2081,1706,1046,1471
1706,2081,1917,1046,1471
1945,1887,1471,1046,1871
1955,2081,2003,1046,1471
1956,2003,1046,1471
1981,2051,1543,1424,1046,1144,1471
2003,2004,1046,1471
1287,2658,1126,1903,1047,1533
1303,2658,1126,1903,1047,1533
1533,2659,1533,1047
1892,1691,1126,1047
1128,58,1048
1614,1048,1600
1777,2035,1048,1776
2676,3100,2207
1169,1051,173,1525
1255,1058,1051,1788,1525
509,13,503,656
1742,1741,13
778,365,13,800
1254,1891,1637,1254,58,1052
2276,2211,1708,3086
1708,970,2211,1064
1962,1067,1056
1963,1067,1056
1964,1067,1056
251,692,14
146,17,498,823,473,543
2245,1635,2214
2846,3236,2215
1015,1681,1060,1381,1745
60,19,605,848
7,21,664
1124,1865,1061
681,101,935,680,391,552,1006,22,440
304,699,391,23
456,1009,391,23
470,423,523,555,276,23
600,599,23
669,391,617,269,700,23,440,699,124,702,767
900,391,23
2392,2490,2220
2666,2243,739,3081,442,2222,2746,32
3116,2746,2222
310,54,24
705,24,856
128,25,298,472
686,770,904,264,906,267,461,25
948,25,379
953,100,165,519,424,553,589,25
1230,1708,1064
2568,2223,2567
1812,1765,1065,1901,1231,796,1919,1728
70,297,266,462,339,277,373,506,26
358,889,26
656,297,266,562,339,277,373,538,26
684,26,292
889,266,462,339,277,373,26
2781,2225,2559,3023
394,28,941
1094,1066,2028
236,1569,740,1227,1069,593
593,33,1569,740,616,393,1227,1069,686
2541,2233,3034,3203
3034,2233,3058,3203,2541
3204,2233,2323,3203
2699,2234,2592
3159,2234,340
1745,1734,1072
49,29,749,423
55,68,423,1000,391,999,523,715,749,29,276,185,700,957
106,68,423,1000,999,523,715,749,276,700,29
107,292,423,1000,391,999,523,555,715,749,49,276,185,443,700,29
634,470,957,29,423
988,423,1000,715,523,749,276,700,29
2194,2237,1432
1204,2149,781,31
1240,1789,781,31
1283,1767,647,1741,781,180,31,32
1651,647,1384,781,1650,180,568,31
1789,2067,781,1166,31
1992,1665,1896,781,180,31
2150,1375,1990,647,781,1980,31
1076,1074,180,1221,472
741,794,30
794,793,794,30
819,794,1709,30
860,793,794,30
1358,32,472
298,267,180,32
1490,219,877,32,1864
2775,1358,32
2813,32,472
647,180,32
3029,1668,32
883,32,296
2083,2083,2084,32
1170,1076,1388,1221,472
1191,1614,1079
1601,1079,1600
666,33,769,686,2082
687,33,770,2495,2279,906,2670,1679,686,1877,888,1470,2687
688,33,770,906,686,1877,888,2687
698,391,906,523,276,286,33,35,548,686,440,185,699,700,701,59,572,573,575,460,86,470,472,483,365,749,888
1246,2077,1080
1652,1080,3263,1824
1824,3263,1080
1190,1081,1658,1584
1584,1315,1732,1737,1360,1081,1658
1142,1082,1867
1951,1082,1600
2325,2244,2325,3176
3075,2244,2325,2508,3176
1084,1913,1084,1374
1197,1084,1181
181,35,59,391,106,843,718,304,689,699,988,573
367,35,700,701,86
1588,35,1587,1198
574,35,548,391,460,690,180,153,573
830,35,557,574
2311,2246,3126
2391,2246,3126
2484,2246,3126
1481,1087,1480
501,36,893
1609,1393,58,1091
3035,3036,2247
2010,1627,1093,1773
1268,1725,38,279
183,131,38,391,524,279
2465,2859,38,279
311,38,518,273,279,124,700,575
445,38,391,374,375,440,279,446
1725,38,877,1678,80,279,219
2027,1978,1094,1638
2747,2249,3196,2734
1318,1109,1095
1677,1109,1095
1011,645,40,489,299,887,920
147,417,419,231,41,145,823
149,41,231
178,41,231
412,41,411,231,632
481,41,231
622,231,41,621,624,625
626,41,625,231
1491,1097,2053,1710
134,1099,324
419,417,42,301,823,282
1580,2106,1101
1724,1529,442,1101,2106
1610,1973,1102
1674,1103,1960
1959,1674,355,1103,1960
633,869,45
2104,1104,1144
734,46,735,856
752,705,997,46,735
2477,2737,2259,2591
1133,1107,1861
1340,1561,1274,1107
2745,2834,2260,2725,3079
1201,1108,1175
1426,1108,1175
1814,2956,1813,2958,2264
2960,2958,2264
2224,2265,3172,2492
2205,2266,2763
214,294,873,397,398,48,448
779,294,873,397,398,48,448
2105,219,877,1115,2085
356,484,773,70,391,748,365,1005,977,978,52,440
357,292,356,774,70,391,746,748,52,286
439,746,303,52,180,438,440
471,52,292,365,391
482,483,484,391,617,748,365,1005,1006,52,440,699,319
517,292,773,70,391,484,806,746,748,365,1005,273,977,978,52,438,440,409,700
598,609,484,391,333,52,88,440,319
162,54,310
2045,2665,2275,1223,1800
1211,1121,1819,1207
1257,1121,1819,1207
1605,1121,1207,1607
1607,1121,1207
1819,1121,1561,1257,1207
972,363,973,525,56
1825,57,1513
158,58,291,642
1982,58,2035
303,59,365,440
627,2844,2277,87
587,423,470,185,444,61
1199,2279,2495,1679
1470,2279,2495,1679
3041,906,2495,2279
945,62,944
803,674,802,391,906,298,1005,755,567,472,669,63
1589,1129,1457
1970,1130,906,863
1886,1132,1884,1885,1647
92,65,683,796
211,65,683,280
240,65,705,644,683,204,499
570,65,867,613,489,683,116,601
153,66,292,267,567,89
177,68,391,999,106,988,831
1423,1543,1135,2007,1656,1917
1748,1985,1987,868,678,679,1136,1721,2137,1631
1495,1137,202,109,1578
1965,2050,1224,2122,1138,1204,1973
2617,2286,2616
1802,1633,1634,1139,2169,442,1852
2169,1633,1139,2169,442,1852
751,71,660,980,632,987
940,931,72,939,941,507
814,340,917,78,736
1140,1146,1843,1717
535,506,534,79,863
2254,2892,2300
2260,355,2300
1875,1148,1744
1020,1313,1355,80,1744,1939
104,273,365,391,80
279,80,1176
461,540,87,80
1688,1149,1534
711,451,1149,1534
1263,1151,1510,1647,422
1295,1507,1151
422,354,1151,1647,1688
1509,1151,1688
2119,1243,1151
1302,1152,696
1961,1152,696
3150,2313,3148,3151
744,85,496
620,391,523,1005,276,86,699,700,701,350
1330,1154,1517,1439
1343,1154,1517,1439
1630,1154,1586
27,1635,87,264
263,472,781,273,374,87,888
273,781,87,472
770,87,264
798,298,263,87,472
1007,461,781,87
1215,1159,1995,1709,2005,2007
1462,629,2005,1159
1572,1159,2005,2007
155,292,484,391,461,89
1282,1679,1999,2000,888,89,1851
1999,89,1851,888
2000,1679,888,1977,1851,89
2074,89,1679
1258,1881,1853,1160
1288,1452,1574,1160
1370,1161,2084
547,90,789
549,90,547,987
2562,2878,2879,2320
2402,2321,219,877
2639,2920,877,2510,2321,219
2606,2323,2614
2595,2596,2326
1512,1169,1708
2107,1169,1752
3154,2329,1668
1174,1813,2956,2949,2333
1361,1906,1176
1386,1386,2175,1176
2174,2175,1176
1898,1177,2970
3201,2833,2336
6,98,917
1179,1945,1179,1871
724,100,265,397,815,848,817,765
1837,1839,1836,1756,1184
1838,1835,1756,1839,1184
2597,379,2340
975,2340,948
268,180,781,103
2401,877,726,2341
726,993,219,877,2341
130,105,590
132,105,590
135,105,692,590
141,105,590
1946,1945,1186,1871
1649,1187,2051,1462
2457,2345,2553,2625,3229
2625,2345,3229,3294
2231,2346,3270
384,202,515,109,839
2126,202,109,1495
2861,2348,1006
1549,1194,1967
2113,2051,1194,1967,2007,1981,2111,2112
585,282,390,111
2549,2349,2599
383,391,392,365,114,440
3014,3275,822,1859,2352
1184,1842,1203
672,601,116
1433,1204,2152
2152,1204,1919
2355,2809,2358
1749,1210,1516
811,449,418,901,532,823,120
2840,2361,2841
131,2362,1499
3256,2362,2557,1522
615,697,2363
2419,2754,3013,2365
867,817,122,644,815
670,391,562,440,124,700
1200,1221,472
1541,1542,1223,1800
1808,2848,1223,1800
378,674,2372,1002
2421,673,1932,2375
2270,2376,3072
3214,3213,2376
3217,3213,2376
2966,2377,2574
618,329,244,917,662,127
2793,1228,2624
1499,131,2140
2683,2379,2685,2683
2684,2379,2685,2683
1192,1231,1728
1515,1990,1231,1242,1980,1728
2098,1231,1728
775,1634,2119,881,1237,442
1003,145,818,419,142
142,145,419
454,145,418,419,417
3182,2867,2396
908,147,732,494
150,326,1510,1702,150,151,918,638
327,326,1510,1702,150,151,918,638
1256,1529,2140,1256
1722,994,430,1255,1920
755,802,1255,783
2044,1255,1581,1278,1367
1285,1265,1643,1417
640,609,168,641,800
307,171,616
495,171,1004,768
1669,1561,1274,1861
1715,617,1274,292,2687
2630,2417,2722,3263
57,506,173,1493
1935,173,1525
109,174,839,384
385,174,839,384
2438,673,2421,3166,3287
2372,3141,2423
1977,1358,1280
2757,2427,852,3120
229,306,179,296
233,306,179,296
237,306,179,296
1922,1665,1475,2150,1992,554,1420,781,2065,2162,180
186,3044,3268,2856,2642,184,606
606,994,453,382,184
3118,2642,3044,184
1250,185,523,276,1417
423,185,555
1762,749,1461,1527,1465,185
695,292,391,617,185,699
715,423,1000,617,749,185,700
3253,185,3254
1000,617,715,523,749,185,700
1001,391,1000,617,999,523,555,715,749,1001,276,185,700
2768,3273,2435,807
2466,2814,2439,2712
608,193,850
1345,1890,1292,1383,1927
1855,1761,1293
1954,1761,1293
256,203,655
1014,1298,1968
1090,1298,1348,1501
1726,1298,1968
651,388,205
2564,2449,2563
500,417,692,208
348,210,720
862,282,861,2456
2038,1308,3229
725,218,592
66,993,219,267,877
1248,219,877
3304,2977,219,877
2117,1484,1311
2471,2468,1517
723,246,788,660,334
1010,321,742,692,660,246,632,730
1333,2113,1339,2051,2006
405,1344,1860,694,3184
542,298,263,472
674,292,518,391,263,554,906,429,365,539
2584,353,2487
123,264,298,1005,472,2746
312,2106,284,264
427,425,426,264
567,264,511,472
769,906,264
797,770,264
841,644,264
108,266,339,373,277,503
195,423,266,3123,373,446
502,292,266,1005,373,503
503,665,266,373,1005
89,906,267,781
3192,906,267,2670
2082,906,267
1966,1354,1349,1904
2579,2697,2491
81,1546,270
1208,1353,1540
1450,1353,1979
286,273,472
828,273,339,277
433,274,1421,706,856
434,433,274
84,275,644
204,275,662
736,275,662
29,391,423,1000,523,715,749,276
957,1000,1001,715,523,749,276
464,339,277
556,339,277,902,903
581,339,277,582
582,339,277
902,339,277,1005
903,339,277,902
2293,2970,280
359,280,360
3006,2551,3007,280
325,1510,327,1702,281,638
351,327,616,630,281,986
918,289,327,979,281,986
145,417,282,823
1947,1364,1760
1728,1817,1798,1367
264,284,461
1514,285,1711
95,391,374,375,440,445,286,446
160,505,292,548,286
2483,286,2944
446,292,391,374,375,440,286
897,609,451,773,391,843,923,286
1356,1369,1415
1416,1369,1415
1477,1369,1415,1792
2192,2547,2500
1062,1461,1375
1178,350,1375
1980,1461,1375
546,545,287
763,1377,674,1002,1991
171,521,349,847,288
676,338,288
693,2652,288
1163,1382,1518
1269,1382,1518
2080,2022,1382,1518
68,292,999,1000,617,1001,715,749
168,609,292,391,365,463,440,800
217,292,685
318,292,391
337,391,292,599
463,610,292,391,365,557
483,292,365,391,440
591,292,548,526
641,292,640,800
709,292,708,710,391,484,800
747,292,773,806,391,805,746,748,365,303,700
3131,292,3132
928,292,927
234,391,421,293
1890,2917,1383
398,397,396,653,294
652,929,294,370,692,987
1273,1650,1384
476,559,477,743,296
536,296,448
772,343,771,567,296
26,297,462
1008,297,656,373,502,503
342,1561,1387,3259
1983,1389,1438
1233,1457,298,1458,472
505,391,298,748,472,511
3016,2721,3170,3015,298,374,472
765,299,920
1583,1854,1392
2600,2515,2980
3134,2516,3135
252,1957,518,746,365,303,374,439,700,669,670
805,773,806,391,746,748,365,303,440
912,773,805,746,748,365,303
842,689,573,304
2558,2522,2727
1081,1658,1732,1407
1315,1732,1736,1737,1738,1585,1658,1407
1360,1732,1736,1737,1738,1658,1407
1365,1732,1407
1585,1658,1732,1986,1407
1659,1732,1407
1716,1409,1407
1732,1732,1733,1407
1737,1732,1736,1738,1658,1407
1738,1658,1732,1407,1736
1180,1997,1998,1408
1217,866,1414,1676,1422,1520,1849
1241,866,1676,1414
2447,2526,366
2343,2529,333
2530,2531,312
1145,1417,1482,2106
1232,1417,770,906,2158
1235,1417,770,906
2158,1417,770
316,313,314,315
2534,2532,3021
623,411,317,983
2535,3126,2536
52,482,483,484,391,617,748,365,1006,440,319
136,611,716,717,371,320
2261,1421,3125
2700,3108,1421,856
1771,1772,1421
3108,1421,856
1934,866,1676,1422
1286,2051,1705,1424,1981,1504
1543,2051,1424
1846,2001,2050,1424
1629,1425,1754,1950,1753
2120,1451,1427
110,849,324
3275,2546,1859,1860,3104
662,330,644,917
822,330,2592
949,330,662
138,417,331
2009,1531,1436
288,338,847
2403,2785,2554,2786,3032
2406,2554,2786
1859,1858,340
2225,2559,3023
247,811,2560
870,933,344
2571,345,2572
1274,770,2054,1455
2073,1828,2053,2055,1710,1456,1879
3218,2575,616
1236,2026,1551,1457,1589,1750
1851,1459,863
1375,523,1461
1465,523,1461
1244,1649,1707,629,1462
629,754,1462
2006,2007,1462,2111
631,349,630,376
983,349,982
2408,355,2580
352,417,355,2580
2580,355,2581
2771,355,2581
1591,2053,1590,1464
575,617,699,350
576,617,699,700,350
516,849,630,376,986,351
1299,1466,1771,1919
354,353,355
2586,355,2587,782
2587,2585,355,2587
2585,2586,2587
364,364,766,391
235,572,365,391
245,548,484,391,365,440,927
254,548,484,391,365,440,927
260,548,484,391,365,440,927
366,365,440,1005,800
484,391,365,927,440
518,365,391,440
524,365,391
526,484,518,391,365,440
551,365,391
702,391,522,365,699,700,800
707,609,484,773,774,391,365,947
911,746,748,365,391
919,484,365,927,440
2179,2737,2591
3297,2593,854
2326,2595,2596
1338,371,1871
1570,1602,1474
2066,2065,1475
2464,374,2670
375,764,374
3015,3170,374
3094,898,2600
1634,379,1852
3110,2601,2999,3088
1662,1661,1526,1480
2013,2011,2012,1480,1880
2272,2604,2653
2603,2705,2604
685,954,970,382
714,382,799
1739,1843,1844,1494
2618,2617,2619,2615
2619,2617,2620
387,585,386,933
241,387,933,585,619,655,795
580,754,789,390,389
197,974,390
335,757,390
468,390,768
937,3021,390
8,617,1002,1005,391
11,441,391
23,700,391
59,555,391,415,440
83,659,391
86,699,700,391
99,700,391
148,457,391,928
152,391,599
156,700,391
157,700,391
201,391,583
213,964,391,440
220,682,391
232,682,391
249,682,391
392,391,800
415,391,440
457,699,391,928
508,542,391
558,898,391
577,874,391
701,699,700,391
703,484,391,440
712,961,674,438,391
728,769,666,391,969
745,391,448
774,609,774,391
813,391,408
881,442,391
907,700,391
190,484,392
915,393,2652
403,401,402,3186
406,401,402,404,405,694
401,402,917,694
402,405,694,3184
404,405,632
2135,406,1512
790,739,407
192,410,662,848
1503,1502,1878
175,411,510
242,411,660,632
571,411,660,493
976,411,565
2467,2869,414
143,417,497,473
880,417,531,823
1004,417,660,632
282,420,823
361,420,823
1900,1899,423
1151,1913,1508
151,1510,638,918,1702
326,1510,638,918,1702
328,1510,638,918,1702
1640,1674,1510
1173,430,1711
306,1513,430,1711
1410,1958,1513,430,1711,1682
1513,430,1711
2640,2641,783
2646,2644,2645
916,433,434
2283,2647,856
507,435,939,848
333,440,800
756,700,503,440
872,518,440
2448,2658,2659,442
1479,1529,442,1691
1532,442,2659,1802
2766,1529,442,2996
646,881,442,1634
1815,1529,1691
2971,1529,3211
1530,3022,2170,3306,2655
2167,3022,2170,3306,2655
94,801,764,448
801,764,448
452,451,774
1395,2137,1538,678
2670,906,2669
2671,906,2669
1267,1541,1862
2294,2775,1544
1327,1668,1797,1544,829,1663
3160,461,3157
1625,1550,1904
979,1550,592
2383,796,2679
31,506,472
557,2895,472
2688,2689,2690
1555,1554,1832
91,475,863,1632
754,478,854
1322,1563,1647
2442,3108,2700,856
139,487,848
43,489,645,488
272,644,613,645,488,489
951,489,612,488
18,489,602,833,664
835,489,602,832
956,489,613,614
965,489,835,613
3232,3059,2701
2648,3086,2703
806,746,491,748,699,764
2865,2706,2864,3287,3186
493,494,632
140,732,496
209,660,496
668,667,496
936,996,713,496,658,692,789,980,987
980,744,496,660,632,732
2439,3245,2814,2712
2532,3021,2712
2533,3021,2712
2668,3245,2712
172,818,507
395,939,507,941,848
722,723,507
844,507,848
207,508,1629
2654,3257,2714
2874,2828,1581
2079,1930,1583
617,522,523
1337,1832,1864,1005,1006,1587
1129,1590,1591
1594,1593,1595,1693
1830,1603,3038
2338,2732,3125
189,532,815,792
2350,3196,2734
2708,2740,2983
1123,1691,2743
1453,2003,1619
1189,1620,1919
465,2746,740
1276,1925,1623
1316,1626,1811
1225,2010,1707,1627
2890,2753,2821
15,545,1631
573,617,699,548,575
1130,863,1632
2258,1635,3208
1290,2035,1637
1182,1638,1639
1376,1638,1639
1357,2084,1639
1638,2084,1639
2611,2760,2824
1811,1641,1695
2729,3175,554,906,888,892
2792,3209,554
1952,554,1851,888
2162,554,906,2082
2267,557,2895
258,557,574
776,858,565,848
771,3041,3042,567
1869,1857,1653
1736,1737,1658,1732
96,572,699,2924,575
550,647,617,699,573,575,576
966,578,613
2273,2778,3008
2433,2785,3032
2554,2785,2786
1195,1681,1732,2136
809,810,588,644,815
2462,682,2791
1326,1684,1840
1685,1684,1879
1242,2796,1990
218,592,616
2177,1690,1909
594,596,848
595,596,848
1993,1692,1816
161,754,981,597
2808,2806,2807
200,607,2856
1335,1700,1805
1704,2050,1703
1618,1706,1821
1259,1707,2007
611,1707,716
2296,2833,3162
584,613,848
612,645,614
3206,3235,616
572,617,699
749,617,700
999,999,1000,617,1001,749
921,620,1005,1006
2841,3108,2840
624,621,622,624,625,626
71,660,632
227,987,632
496,987,660,632
981,848,849,660,980,632,987
996,987,632
1718,1730,1717,1718
1888,1889,1718
2069,1723,2070
1072,1986,1732
1658,1732,1733
1681,1732,2136
1986,1732,1733
36,644,815
122,817,867,644,815
137,810,644,815
314,851,644,662
315,644,662
349,849,644
808,810,644,815
815,849,644,848
995,644,997
1896,781,647
2151,2149,647
198,899,648
899,692,648
947,2866,2032
2973,2875,3221
3106,2875,3221
1950,1753,1754
215,861,655
1785,2023,1928,1929,1787,1757
1786,1929,1757,1928
2320,2878,2879
3202,2879,3047
167,657,732
1912,1763,1925,1911
878,938,719,660,662,663,857
987,660,661
41,850,661,848
876,987,661,789
329,949,662
836,838,662
853,909,662
859,782,664
729,769,666,728
1100,1769,1768
2124,1771,1772
1985,678,679
868,678,679
380,955,679
1289,1788,1781
520,692,815,848
1577,1783,1936
2364,1790,2928
1795,1793,796
1778,2049,1794
2868,2930,3020
2420,2931,3044
2981,2931,3044
753,705,995,997,752
2309,2935,3271
2109,2108,1799
708,710,800
2870,2937,3171
1806,2146,1807
1975,1810,1978
2951,2954,2957
2252,2956,3174
2382,3187,717
2962,3187,717
2049,2050,1907,1820
2400,2977,3304
731,730,738,943,848
321,737,738,731
2550,3139,2982
2455,2985,2986,2984
2985,2986,2984
2987,2986,2984
78,917,736
730,738,848
1791,2023,1928,1929,1848,1916
1850,1849,3125
3010,3009,1852
1296,2019,1853
3234,3233,2997
713,751,848
875,754,3156
194,761,759,760
1874,1870,1920
1664,1921,1874
2478,3033,3260
474,823,768
1877,769,2082
2687,770,906
2416,961,3042
1895,957,1894
2235,3052,3053
2511,3052,3053
1301,2081,1902
2033,2050,2051,1904,2034,1981
2034,2050,2051,1981,1904
3067,3066,3068
2827,1907,3124
248,1004,934,807
3083,3082,3085
2144,1914,2143
817,849,815,848
854,2051,1917
1277,2099,1919
1309,2050,1919
2176,2050,2078,1919,2160
3098,3097,3096
3183,3097,3096
2076,2050,1926
243,980,823,848
3102,3101,3103
1928,1929,2023
2429,3107,3179
1699,1930,3124
605,851,847
187,967,848
510,849,848
596,917,848
827,913,848
984,849,848
985,849,848
2337,852,3120
1253,2050,854
475,1969,863
1969,2161,1973,863
1399,1971,1972,2020
1401,1971,1972,2020
3151,3147,3148,3150
3147,3148,3149,3150,3151,3152
2430,875,3156
2111,2110,2007
1342,2009,2057
2335,3291,3168
2445,3169,3291,3168
3169,3291,3168
704,893,894
1239,947,2032
2248,3189,3190
447,3274,910
1134,2170,2047
1847,2049,2050
2469,3203,3205
2055,2146,2056
2088,2090,2086
2103,2101,2102
3223,3241,3282
939,941,942
3264,3261,3262
3267,3268,3269
2130,2131,2132,964
991,995,981,990
1171,2170,2167
