236,356
1134,1667,1889
784,786
571,1059,1212,1247
524,718
544,604,1164,1356
53,141,252,324,536,866,933,1025,1506,1824,2477,2488,2556,2561,2581
1581,2330
702,1020,1660,1870
63,271,340,496,574,724,774,1138,1984,2079,2407,2426,2475,2567
270,2416,2439,2531
20,425,572,1763,2332,2496,2695
488,539,1823,2282
878,1011,1579,1652
41,115,172,489,762,799,1125,1391,1567,1568,1662,1889,2054,2055
53,702,1020,1540
1539,1725
53,2488,2556
142,1185,1960
682,1392,2438
1326,2048
477,1788,1872,2386,2677
358,804,1440
87,250,653
517,2269,2446,2570,2580
692,1214,1558,1959,2059
1890,2649
291,1099,1720,1912,1926,1985,2088,2134,2200,2207,2260,2262,2380
1738,1937
931,949,1044,1255,1283
401,702,1020,1190
55,130,1176,1205,1629,1729,2310,2335
56,845,1785
1754,1807
935,1851,2408
787,792,2556
199,656
231,407,822,824,1056,1060,1284,1285,1319,1548,1940,2308
898,2139,2312
746,1885,1886,1887,1903
1003,1736
88,368
120,1062
997,2154
885,1287
309,460,1470,1706
2284,2285
856,1339
160,2173
1231,2542
31,286,487
168,447,560
1778,1803,1900,2065
607,1205
2550,2609
204,360,950,1069,1419,1518,1613,1872,2020,2148,2323,2377,2423,2499,2500,2501,2506,2568
803,974,1169
947,1601
113,786,863,1813,2365
272,719
162,1148
248,498,1728
113,573
795,796
28,348,714
1682,1683,2367
2414,2415,2508
365,366,2113,2573
932,1483
604,671
1387,2403
276,277,468,730,1603,1946,1994,2001,2116,2547
2139,2312
1883,1990
71,1405,2437
1253,1486
39,1037,1663,2358
294,388
861,1055,1409,1410,1737,1817,1922,1932,2221,2403,2704
688,1158,1705
106,249,261,280,343,399,420,465,620,639,777,1325,1327,1528,1544,1748,1895,2070,2089,2145,2161,2162,2167,2168,2293,2435,2474,2525,2526,2560
338,364
2145,2161,2167,2168,2525
65,173,246,285,290,584,613,630,859,992,1085,1123,1164,1279,1349,1535,1536,1538,1557,1598,2304,2373,2545,2557
52,646,743,999,1142,1241,1242,2635
301,594,595,1195,1449,1622
469,769,2026
770,1278,1664,1720,1926,2088,2134,2207,2260,2262,2270,2278,2644
825,826,1216,1229,1708,2253
1168,1331,1332,1333,1697,1772
998,1272
685,1420,1426,1551
55,2335
1077,1079
2417,2576
1182,2183
454,762,1026,2016,2055,2099,2328
1013,1317,1971,2114,2487,2624
505,548,703
549,683,1792,1861,2431
163,843,1046,1444,1541,1915,2177,2486
760,1614,1615
634,750,2405
861,2253
136,237,655,1108,1276,1618,2291,2292
838,1920,2254,2494,2592
324,1898,2147,2468,2469,2619
1720,1981
965,966,967,1132,1141,1222,1254,1312,1482,1674,2704
149,279,624,1065,1084,1173,1661,1778,1803,1899,1938,2065,2098,2109,2302
922,1266,1726
446,691,1042,2257,2458,2598
1953,2535
269,617,2248,2264,2702
1006,1314,1383
961,1086,1267,1302
541,1122,1215,1641
609,612,865,1500,1936,2379
843,1046,1444
1745,2264,2702
1035,1731
2230,2340
1633,2296
817,882,1120,1204,1412,2204,2398,2406,2455
380,427,1529
89,240,278,484,549,657,684,844,907,1379,1792,1861,1969
212,1895
321,475,1948,2558
1760,2548,2698,2699,2701
1115,2319
960,2560
1911,2160,2243
352,731,1180,1600,1845
525,1170
901,1057,1352
177,380,757,1882,2159,2450,2451
1323,1775,1876,2440,2620
831,1147
288,2357
287,318,510
508,556,557,575,616,849,1007,1033,2041,2247,2361
1829,2015,2019
40,576
1913,2417
431,836,1249,1338
225,1209
1624,1656
1124,1355,1675
501,1768
216,884
655,2618
2203,2639
702,1780,1781
278,849,1469
241,2129,2480,2653
183,492
139,417,893,1714,1717,1762,1979,1983,1992,2511
1959,2704
621,2022,2429,2663
2110,2111,2186
146,996,1231,1232,1737,2252
917,1000,1088,1464,1513,1609,2068,2597,2670
810,1130,1322
274,373,1265
2000,2004,2516
713,1966,2048,2112,2704
1969,2460
940,1243,1916
2120,2155
879,1473
9,385,436,2364
851,918
1561,2210,2690
571,1059,1212
10,200,575,616,849,1028,1389,1587,1836,2012,2183
2034,2623
382,1166,1501,2540,2618
766,1832,1833,1837,2689,2706
1160,2565
1746,2642
44,294,388,459,577,606,640,805,809,864,930,1052,1057,1201,1301,1451,1711,1823,1933,2027,2443,2504,2577,2679
446,2257
1962,2101
1230,1616,1640,1859
516,2294,2302
326,1895,2161
82,1715
960,1097,1335
21,26,268,335,733,779
2122,2213
775,1146,1324,1527,2384,2570
524,718
1929,2115,2125,2682
378,623
2021,2541
1273,1452,1605
300,2142,2512
262,580,697
1024,1091
525,1170
1774,1776,1789,1794,1795,1796,2144,2179,2182,2546
516,638
534,778
1221,1635
1014,1157
602,1438
1200,1239
1758,1843,2342
551,1093
2482,2529,2691
1847,1848,1928
1962,2101
524,718
296,2263,2543
273,1121,1807
1152,1330,1894,1896
1316,1527
1752,2692
1540,1919,2058,2081,2330
842,1148
968,1171
355,840
56,1785
530,710
1409,1922
485,642,643,705,1556,1575
746,1719
1963,2005
1911,2160,2243,2376,2662
1583,1910,2018,2678
296,947
481,668,2044,2271
2344,2368,2444,2578
1168,1331
283,590,593,704,1145,1510,1799
43,164,189,190,416,1726
1874,1999
1875,1921
1406,1407
314,535,802,1689
2009,2023
524,552,607,718,2474,2552
71,489,1391,1971,2336
517,2269,2446,2580
1113,1404
39,274,373,539,690,1037,1135,1144,1265,1563,1739,2166,2194,2299
801,1595,2412
1518,2383
911,965
535,802
376,2658
1103,2474
646,999,2635
572,2350
341,342
19,459
650,753
1358,1512
377,485,1018,1159,1556,1575,2348
524,718
1218,1350
1855,1856,2049,2076,2483
795,796
1051,1172,1307,1311,1493,1500
2414,2415,2508
2230,2340
224,670,1062
317,379,443,480,586,1227,1237,1260,1540,1596,1945,2058,2092,2339
1218,1350
1181,1236,1621
1877,2635
121,142,971,1185,1363,1841,1960,2393
287,315,349,510,670,1245
237,1108,1618
153,1384,1385
15,259
1013,1317
559,972,1394,2530
379,639,1414,2085,2616
522,1082,1083,2313,2588
1481,1488
745,2031,2131,2638,2660
1489,1915,2177,2536
97,1855,1856,1977,2076,2123,2300,2483
1067,1592,2345
583,2011,2448
624,1065,1938
40,407,632,883,1367,1772,2130,2571
2321,2560
437,2325,2327
259,752
318,418,509
937,1516
964,1520
264,1401
828,910
58,171,251,307,585,788,1289,1462,1594
980,1704,1826
370,1196
206,2272
104,129,908,919
2093,2392
238,1061
775,1150,1151
165,299,721,956,1281,1560,1665,1698
195,674
1700,2522,2657
1181,1621
401,1087,1546,1583,1642,1910,2018,2678
93,379,718,1530,2058,2587
1584,1852,2397,2564
789,1269,2222,2405
2269,2580
1810,2072
65,285,1279,2304,2557
1529,1782,2664
423,794,1070,1686
1115,1372
760,1325
744,745,2078,2317,2660
90,278,1578
7,168,441,447,518,560,925,1133,1136,1310,1443,1445,1446,1461,2058
2528,2650
1057,1269
227,618
172,454,515,1567,2099
925,1860
72,75,108,109,251,262,346,478,499,512,565,662,698,739,788,899,1288,1289,1394,1462,1560,1594,1626,1742,1767,1842,2341
1202,2288
96,1256
885,1096,1659,2682
2160,2243
282,461
57,71,256,454,457,515,570,616,707,877,955,1171,1297,1485,2099,2100,2247,2361,2686
1064,1647
454,482,799,877,1063,1125,1567,1925,2016,2099,2328,2652
503,592
118,2390
1325,2560
1893,2031,2129,2131,2132,2320,2480
379,2058
1175,2058
1199,2157,2316
405,494,2256
1470,1706
878,1009,1011,1012,1183,1328,1570,1579,1588,1610,1652,1680,1727
2190,2191,2366
771,969,1286,1593
98,440
815,1081
1080,1390
853,2349
1550,1603,2532
954,973
1871,2363
908,919
2474,2691
442,1111,1749
526,1420
1263,1866
2050,2219
1051,1059,1172,1493,1539,1725
541,544,604,1047,1122,1139,1215,1345,1346,1421,1641,1753,2707
1251,1252
1269,2324
500,2655
513,947,1299,1660,2284
212,529,2077
1051,1172,1493
126,719,2231,2338,2611,2682
37,77,91,481,668,767,870,1375,1549,1823,2044,2228,2271,2391
801,1595
1392,1573,1599
712,866,1506,1876
879,1024,1091
4,211,491,735,750,1190,1460,1688,1970,2201,2495,2667,2704
175,452,497,502,504,664,1584,1814,1819,1847,1848,1852,1897,1928,2030,2056,2199,2353,2394,2397,2538,2564,2696,2697
622,1586
1149,1598,1649
2414,2415
67,2521
194,281,520
1051,1307,1311,1500
961,1086,2196,2641
1207,1545
1347,1801,1902,1908,1995,1996,2098,2302
292,412,2554
190,1726,2103
180,720,1870,2130,2414,2415
52,646,743
1077,1079
2142,2512
407,1950,1961,2352
2153,2318,2625
1136,1443,1445,1446
800,2466
838,1008,1490,1920,2254,2427,2432,2494,2592
219,313,430,578,1039,1291,1540,2170,2462
2385,2461
3,58,61,174,299,307,322,371,467,474,553,555,563,565,721,739,776,876,1020,1203,1377,1547,1742,1842,2119,2180
1190,1644,2281
173,246
17,25,40,93,208,270,576,632,689,883,1530,1781,2091,2416,2524,2531,2587,2685
517,2219,2273
279,1899
901,1250,1352,1744,2193
1035,1731
892,1438
2106,2622
2118,2640
164,2704
110,115,172,454,614,746,955,968,1020,2316
996,1232,1496,2287
68,2017
101,266,330,728,729,759,944,1017,1019,1111,1137,1143,1334,1393,1467,1468,1515,1709,1730,1741,1981
2414,2415
2080,2610
31,232,286,487,1149,1598,1649
155,393,976
164,2707
1950,1961
303,429,599
867,891,1701
322,740,1203,2074,2151,2223
1419,2423
2079,2567
140,1651,1808,2176,2217,2239,2250,2251,2272,2362
105,123,128,600,1917
800,1700,2657
419,431,638,673,768,1123,1178,1261,1270,1313,1563,2216,2590
375,456,524,718
1699,1806
151,584,630,826,1216,1708,2545
685,1200,1239,1420,1426,1551,1703
177,757,2138
2629,2630
392,608,1284,1940
815,1081
571,873
2489,2576
325,327
350,2284,2285
821,2174,2205
289,1110,1165,1585,2038,2152,2158,2566
485,1556,1740
557,2355
1367,2375
1871,2363
164,2704
947,1294,1601,2279
260,938,1198,1264,1637,2339,2586
367,591
1123,2133
1094,1095,1653,2069,2086,2229
855,957,996,1231,1232,1233,1496,1691,1737,1944,1972,2212,2599
821,830,963,1116
871,996,1190,1225,1644,1691,1737,2333,2542,2674
1752,2692
423,794,1036,1070,1140,1217,1456,1686,2203,2639
2192,2267
666,667
239,302
41,482,762,1125,2060
2325,2327
2031,2638
852,1391,1492
378,623
10,1434,1898,2147
104,129,187,589,700,831,908,919,963,1147,2387,2388,2629,2630
317,1414
358,804,1440
1324,1821,2336,2384,2570,2583
1782,2664
1399,1617
1155,1627,1733,2127
90,493,789,906,977,1187,1194,1269,1398,2302,2324,2420
211,645,1460
952,1402
828,910
52,646,743
2110,2111,2186
961,1086,1744,1964,2196
1325,1661
314,1378,1476,1643
237,1108,1618
902,1553,1554
165,1281
635,902,1909
808,1439,1673
377,485,486,642,643,647,705,712,1018,1159,1556,1575,1604,1839,2348,2381,2515,2562
95,127
288,1619,2093,2147,2183,2357,2392
294,388
1098,2677
1814,1819,1897,2030,2056
2563,2596
2414,2415,2508
1012,1074,1685
155,2704
159,708
760,1682,2312
2396,2666
162,951
508,1359
48,304,319,854,888,984,1003,1020,1112,1155,1303,1532,1627,1736,1782,2295,2311,2370,2608,2664
952,1402,1555,2503,2606
195,245,345,361,379,415,475,628,639,674,699,827,1058,1308,1360,1414,1423,1432,1458,1540,1563,1658,1870,1948,2058,2311,2410,2558
24,1765,1766,1771,1939
345,639
1682,1683
947,969,1286
2085,2616
89,763,2549
590,1510
4,46,491,735,2495
641,1344
9,385,1268,1672,1987,2128,2474
775,1146,1150,1151,1324,1631,1821,2042,2307,2336,2570,2583,2595
869,2589
2141,2296
1004,1361
2106,2622
939,975,1154,1695,2268,2671
889,1993
2602,2632
2000,2004
1186,1522,1741
1414,2039
473,651
524,718
954,973
309,460,792,885,1027,1096,1359,1361,1364,1365,1659,2029,2357,2654
113,573
480,524,718
1911,2082,2160,2243,2662
1381,1442,1612
728,1118,1262,1604,2090
797,1630
923,924,1234,1417
311,372,605,669,746,1039,1316,1367,1374,1527,1719,2240,2374,2375,2414,2415,2453,2508,2514
687,1274
654,1678,2219
46,657
1353,2693
1110,1165,1585,2038,2152
1190,1644
116,139,293,417,469,842,893,905,1978,1979,2026,2220,2422,2511
1086,2637
1931,2513
273,915,1552
1895,2161
644,1368
2395,2428
2150,2195
1915,2177,2536
143,463
326,2026,2457
988,1394,1503
72,407,2571
63,276,277,424,468,558,730,945,946,1817,1935,1994,2116,2242,2463,2464,2547
144,181
11,191,194,281,357,409,421,448,511,520,631,1472,1502,2215,2224
379,1540
252,858,1484,2053,2061,2062,2063
695,2338,2611
1004,1106,1361,2147
483,579
301,595,1195,1449,1622
220,713,758,847,1966,2059,2704
901,1352
470,1027,1096,1365,1457,2029
240,549,1379,1783,1792,2667
238,1061
1223,1322
1405,2238
524,718
524,718
609,2379
257,1988,2400,2503,2510
2148,2501
2459,2507
22,119,2028,2673
993,995
827,1238
2230,2340
220,758,847,2704
102,2681,2687
289,2158
828,910
2127,2283,2432
29,406,462,2284,2285
1871,2363
295,368,371,467,472,553,1020,2306
101,334,464,903,982,1468,1515,1709
900,1566
1750,2165
1741,1752,2692
361,628,699,1058,1182,1308,1360,1432,1563,1658
184,455,540,542,1211,1666
1788,1872
524,718,942,1114,1381
448,631
1052,1053
13,85,118,156,326,453,514,716,951,999,1241,1804,1914,2635
665,678,1431
159,708
1076,1341,2096,2231,2585
1610,1680,1722,1727
344,1832,1833,1837,2689,2706
602,1534
2147,2468
822,1056,1285
14,483,579
756,2491
178,265,306,323,411,441,636,661,723,823,1093,1184,1192,1441,1481,1488,1540,1645,1733,2208,2311,2395,2424,2428
1872,2506
103,755,1834,2013,2334,2584
1086,2071,2603,2641
949,1283,1447
484,506,844,2329,2648,2659
867,891,2478
34,833,968,1171,1702
1818,2465
1115,1320,1372,1697,1772
524,718
387,1867,2163,2273,2600
311,605,669,2514
379,639,718,1190,1414,1430,1540,2058
832,900,920,1089,1191,1566,1831,2244,2245,2246,2467,2472
715,834,1036,1219,1300,1425,1517,1531,1671,2002
133,2052
100,760,785,851,856,918,1016,1339,1614,1615,1620,1723,1724,2579
463,652
1353,1673,1756
1962,2101
909,920,2298,2305
1771,1939
2148,2501
794,1217
823,1645,2424
524,718
166,196,197,217,433
2563,2596
556,575,616,2361,2476
1325,1528,1895,2560
1238,1423,1458,1638,1658
902,985,1049,1340,1553,1554,1571,1679
524,718,942,1380,1381,1442,1612,2318,2625
1931,2513
704,1799,2121,2202,2234
263,722
431,1271,1338
1759,2413
209,431,1021,1054,1271,1330,1336,1337,1338,1569,1834,2181,2198,2343,2344,2368,2444,2509,2578
2006,2321,2346
690,2634
300,1828,2225
376,2658
524,718
2042,2307
8,977
107,225,598,676,1342,2651
170,727,2553
2190,2191,2366
812,903,911,965,966,1118,1132,1254,1312,1433,1482,1674,2704
1330,2368
1092,1657
204,1419,2423,2500
992,2329
2355,2357
2577,2679
199,656
986,2441,2544,2675
1602,1782,2664
535,802
603,1589,1591,1761
194,281,520
608,1494
906,1398
1632,1770,2331,2605
218,354,686,764,2356
1183,1727
71,256,422,454,515,550,570,575,616,707,768,877,1026,1190,1364,1485,2016,2100,2328,2361,2654
23,38,73,105,123,125,128,147,176,192,203,205,449,501,562,564,600,742,772,983,1251,1252,1354,1768,1769,1812,1917,2258,2401,2411,2413
816,881
2350,2414,2415
525,1170,1455
849,1181,1236,1621,2477
37,72,262,512,788,872,1129,1288,1560,1767,1811,2228,2341
372,588
1124,1355,1675,1681
1013,1317
2395,2428
243,1004,1005,1190,2169,2351
5,108,109,499,500,565,739,899,1742,1842
962,1010
133,236,356,1094,1095,1653,1660,2069,2086,2229,2518,2534,2612
157,1166,1623,2214,2540,2618
202,351,472,506,695,771,1296,1423,1512,1593,1755,1868,2231,2338,2607,2611,2612
1760,2289,2493,2698,2699,2701
210,1250,1474,1475,1716,1735,2104,2354
101,266,728,729,901,1017,1064,1111,1118,1132,1137,1250,1262,1334,1352,1604,1647,1741,1981,2090,2193
63,280,343,724,945,1935,2463,2475
155,393
308,2164
26,335,779
1357,1431
2263,2543
7,1850
1694,1780
526,1420,1426,1428,1625
2226,2628
82,648
1009,1183
1653,2518,2534
159,708
303,429,599
274,373,539,690,1135,1144,1265,1563,1739,2166,2194
2524,2685
977,2420
1406,1407
1042,2598
1610,1680
137,639,1414,1540
153,1384,1385,1399
103,479,524,718,755,2013,2074
1931,2513
961,1086,1293
515,1063,1323,1662,1889
164,1835,2239
814,816,881,1078,1524
904,2033
1882,2159,2450,2451
1738,1937
854,1699,1805,1806,2290
98,389,440,1741,2580
2,1722
114,746,1885,1886,1887,1888,1903
528,1823,2663
91,258,474,481,668,805,1375,1547,2478
477,2640
2110,2111,2186,2321
160,1998,2421,2474
715,1531,1671,2265,2520
1353,1565,1673,1756
78,124,554
760,2579
407,1660,1772,2130,2571
33,1753
1022,1101,1611
9,385
227,618
1042,1130,2598
1854,2321
2014,2383
1077,1079,1282
166,196,197,217,433,736
1237,1596,2211
2326,2539
835,1068,1802,1815,1822
952,1555,2503,2606
816,881,1078
2079,2242,2567
850,1083
888,984,1303,1532,1736
524,718
1699,1806,2290
386,517,2269,2580
959,1879
1055,1409,1922,1932,1952,2403
1800,2206
120,229,1670,2075
1266,1726
2284,2285
159,434,708
1798,2705
1854,1997
784,786,1514
1341,1790
2150,2195
829,1682
396,1941,1951,1959,2102,2227,2471,2479
524,718
1854,2321
1973,2621
70,2521
195,674
228,439,1032,1102,1112,2293
2414,2415
214,2064
553,622,1020
379,718,1414,2058
904,1520,2032,2033
939,975,2197,2268
44,130,809,864,1301,1321,1343,1451,1729,1780
379,1414
253,1697,1772
320,2693
2171,2275,2299
987,2485,2615,2617
318,418,509
485,486,642,643,647,705,712,1556,1575,1839,2348,2381,2515,2559,2562
2226,2628
1676,2517
129,821,830,831,908,919,1116,1147,2387,2388
1391,2336
1161,1167
1633,1677
775,1150,1151,1324
617,1032,2293
450,2058
2150,2195
786,1514
562,742
2009,2023,2154,2220,2235
637,765,989,1574,1720,2175,2688
2097,2143
1814,1819,2199,2696,2697
2034,2623
1257,1479,1693,1825,1863,1864,1965,2007,2676
1055,1409,1922,1932,2403
581,818,819,820,1213
844,2659
1177,1189
524,718
2261,2502
987,2058,2485,2617
40,472,506,601,632,883,1367,1423,1512,1823,2231
1406,1407
62,241,1893,2129,2132,2309,2320,2480,2653
1827,2631
650,1235,1323
2000,2004,2516
81,2045
4,64,248,491,503,672,735,750,751,1728,1976,2656
746,1887
1409,1922
225,1209
218,242,337,686,764,2356
379,1540
1342,1414,1777
912,1305
1632,1770,2331,2605
690,746,1020
1875,1921
669,1509,2240
79,158,182,215,329,394,519,561,663,738,741,1117,1923,1989,2021,2025,2418,2533,2541
2006,2321,2346
418,509
2382,2668
293,842,1348
945,1246,2570,2583
2263,2543
167,1235
256,422,768,877,1007,1270,1450,1713,1925,2016,2035,2041,2328
2117,2126
904,2032,2172
769,2548
575,2361
2449,2527
536,933,1025,1224,1562,1608,2060,2561
236,1653
839,1459
738,2025,2359
529,958,1067,1199,1395,1592,2345
110,673,2156
39,1135,1690
472,506,748,1423,1512,2231
15,259
434,599
597,2110,2111,2321,2419
610,1519
23,38,564,983,1769,2445
586,1227,1260,1834,1945
2135,2645
1173,2530
161,1751
2237,2436
724,2407
684,1861
936,2174,2205
2046,2551
167,458,2124,2404,2582
2699,2701
746,1885,1886,1887,1903
478,639,746,1719,2296
112,798,887,940,1243,1646,1916,1982,2492,2498
238,1061
2046,2551
197,303
195,674
131,268
1800,2206
1865,2277
912,1020,1305,1947,2058,2092,2474
15,259,428,752
419,431,638,744,745,1105,1178,1263,1414,1563,1866,2132,2317,2320
269,617
545,2301
498,978,2058
1146,1821,2336
328,972
225,1209
2171,2299
132,1517
194,281,520
156,353,897,997
1916,1982,2492,2498
625,626,660,696,701,837,927,1542,1577,1968,2347
1890,2649
787,792,1027
2602,2632
867,891
1980,2183
795,796,2652
28,348,1030,1091,2457
1970,2201,2704
1007,1388,1752,2041,2122,2213,2692
2039,2636
15,76,191,259,357,752
637,2175
548,1275,1578,2708
1673,2433
91,870,1292,1375,1549,1934,1989,2402
1988,2503
658,1582
552,2474,2552
338,364,675
318,418,509
1929,2115,2125
1673,1756
294,577,1201,1246,1711,2504
2192,2269,2276,2505
164,1690,2704
1008,1490
988,1054,1186,1362,1767,2341,2385
1535,1557
1828,2321,2419
116,183,469,492,1857,1907,2422
388,930,2443
2187,2322
293,905
274,373
828,910,1207,1545
1168,1331,1332,1333
244,1741
497,504,2394
3,296,1190
355,835,840,868,1068,1073,1815,1822
379,639,1414,1540,1866
516,638
255,754
517,2269,2446,2580
782,1534
813,815,1045,1081,1217,1366,1904
110,171,550,575,616,641,673,848,849,968,1033,1364,1377,1389,1587,2183,2361,2456,2654
206,1052
15,259,752
712,2519
2325,2327
784,786,863,1156,1408,1813
32,709,737
472,1190
406,408,410,462,587,775,969,1150,1151,1286,1294,1324,1601,1607,1631,2042,2279,2285,2307,2384,2595
1493,1539,1725
47,239,254,302,490,1816
181,2266
86,199,295,426,466,656,1741,2369,2673
1755,1868,1930
141,324,1025,2060,2293
1034,1175,1298
83,306,411,1441
507,869
146,391,1225,2252,2281,2287
346,2655
186,390,1901
1055,1409,1720,1922,1932,2403,2704
88,135,295,322,566,567,568,569,740,1119,1193,1203,1955,2119,2136,2151,2223,2481
1,9,385,1268,1672
679,690
408,410,513,1299,1607
1109,1277,1309,1416,1504,1505,1507,1508,1526
2137,2149
791,1511
783,1608,2261,2502
22,119,942,2028,2318,2625,2673
297,439,693
36,228,269,297,439,617,693,1112,1329,2047
1483,2068,2449,2527
98,193,194,281,389,421,440,520,706,1422,2215,2550,2609
720,2477
640,2027,2553
16,144,145,235,445
1751,1891,2010
220,758,847,2704
59,201,207,292,412,448,532,537,631,694,806,931,949,981,991,1022,1029,1038,1043,1044,1101,1255,1282,1283,1436,1447,1465,1471,1472,1491,1502,1611,1634,1747,1892,1949,2187,2188,2315,2322,2440,2543,2554
87,250,374,653
39,1663
1347,1414,2528
747,2225
187,589,700,2387,2388
1891,2040
107,137,345,379,598,639,676,1414,1435,1480,1540,1777,2441,2510,2544,2675
760,1620
901,974,994,1352
63,633,789,946,1415,2035,2420
505,703
265,636,661,723
59,537,1892
134,369,414,609,612,865,1080,1390,1500,2379
893,1714
1047,1048,1139,1345,1346,1349,1641
1442,1612,1639
49,77,91,247,258,749,970,1376,1453,1784,1858,1927,1942,2457,2683
212,1895,2077
163,2486
159,708
859,1085
1006,1314,1624,1656
1757,2614
581,582,644,818,819,820,1126,1127,1213,1368,1497,1498,1844,2185,2372,2373,2399,2400,2490,2627
42,1743,2457
1413,1693
1386,1636,1654,1707
2585,2633
2237,2436
1741,1827
218,686,764,2356
1029,1038,1747,1949
603,1589,1591,1761
272,719
1651,2217,2362
936,2052
1550,2294
2396,2666
914,1895
16,43,145,164,181,189,190,210,235,416,754,756,1716,1726,1735,1873,1959,2103,2104,2354,2491,2665
314,535,802,1543
2080,2610
396,1689,1941,1951,2479
69,122,234,284,596,732,880,980,1633,1694,1704,1779,1780,1826,1846,1967,1980,1991,2008
412,1726
935,2408
1105,1261
800,1466
320,1344
159,708
206,601
40,332,632,883,1367,2130,2571
83,2226,2628
493,1194,1817,2324
1008,1920,2427,2432
592,787,1005,2484
1051,1311,1493,1500
358,1564,1791,2465
610,715,1519,1671,2000,2004,2265,2516,2519,2520
389,706,2591
334,464
212,1895
1973,2621
10,172
1176,1629,2310
834,1517
1324,2570
164,2704
27,442,691,725,810,813,815,920,1045,1081,1111,1191,1223,1230,1322,1366,1616,1640,1749,1859,1904,2244,2245,2246,2298,2305,2458,2472,2482,2529,2613,2626
581,818,819,820,1213
403,404,682
53,435,480,635,718,836,902,1249,1340,1414,1553,1554,1569,1571,1590,1619,1679,1909,2058,2474,2594
583,1086,1293,1302,1499,1964,2058,2071,2196,2603,2637,2641
1199,1913
1943,2574
