403,539,164,220
1697,1115,164
2296,882,428,2668,164
1275,164,428,344,1306,1304
1287,1137,164
1545,567,164,1207
2601,1410,524,2221,164
2364,130,164,1970,2166,1720
1906,1835,164,56
1612,1154,164,101,1381,1380
142,1185,164,189
1808,2491,164
1111,1729,1730,164,1017,794
175,2410,164,502,504
2522,2530,146,164,2165
1793,583,2068,164,431
1676,1154,164
1335,1697,794,1131,164
814,164,1524
1800,1425,164,2206,728
1944,1697,164,1937
2078,745,164,2031,744
770,164,765
782,1185,164,1534,847
941,164,935
943,1154,164
1591,164,966,911
1735,1250,164,1716,1593,794
1873,1697,1258,164,1772
2287,2281,146,164
391,146,164
1718,1442,164,1381,942
1031,1137,1947,164,1797
2275,164,2238
2519,2299,164
607,538,164
801,1137,164
1576,1137,1306,164
1071,1017,794,1154,164
936,1137,164
1206,1017,794,1154,164
1572,1217,1219,164,344,2203
1972,1697,164,2212,996
1128,1154,164,939,729,794
531,164,344
857,1017,794,1154,164
2605,169,164
911,566,524,164,903
2174,637,164,2205,847
192,164,295
1254,164,966,911
1730,1017,164
1137,164,1524
1458,164,1463,570,827,829
1226,164,1118,1334
2564,164,2221,1584,220,2397
1690,539,164,220
1499,1535,290,164,583
564,164,38,39,248,220
2397,1953,504,164,1584
718,164,189
1891,164,1061,2040
189,130,164,43,145,190
983,164,911,248
56,1785,164
347,164,133,144
2674,1225,164,639
1381,1114,164,794
1208,379,164,1334,431
2452,130,164
962,524,164
43,794,164,189,190
625,164,660
1574,164,911
2233,2059,164,412
146,164,1647
2660,164,2031
744,745,2660,164,2031
745,164,2031
1140,794,164
1573,1140,164
1304,2203,164,344
1306,1017,1107,164,729
130,1729,164,16
416,524,189,164
2205,164,637,2174,847
1225,146,164,1334
220,164,847
728,1137,1017,164
449,164,192
2558,164,431,687,1948
2201,1970,164
23,130,164,192
1219,146,164
2203,164,1981
1070,794,164,1686
2176,1697,2362,164,1258
967,164,965,966,903,911
1220,1154,164
758,164,2059,847,220,189
1686,164,1070
1692,794,164,423
1411,1154,164
381,164,189
1537,1729,164,208
1651,1467,164
1559,1137,164
2565,164,1559,1160
1363,1185,1179,164,2176
1785,1185,164,381
1066,1154,164,1064,1107,1306
291,164,2221,1912,1840
1278,2153,164,1534,2471
396,164,190,192
1099,1306,164,344,1912
1405,164,220
1100,1179,164
2197,939,164,381,2268
2555,1851,164
1716,794,164
2249,146,164
2252,146,164
2281,146,164
2297,2249,146,164,2252
1114,1154,164
715,2090,1219,164
2639,2203,164
603,1115,164,2335
1531,2090,146,164,1219
1258,1154,164,381
2260,1258,164,2262,2176
690,164,968
1061,164,966,238,1137,1524
2040,1891,164,1061,2255
1595,1137,164
2117,164,1776
1776,1729,1794,1796,164
423,164,1070,1686
2317,2660,164,744,745,2031
267,164,263
659,164,428
1334,579,164,1137,794,1468
1516,962,164,989
524,164,189,718
1468,794,164,1334
1757,169,746,2604,2614,1664
549,1860,1861,553,83,566
375,553,456
452,553,2538,2667
473,553,651,567,1007
3,553,411,566,472
306,553,83,566,411
240,553,1379,566,83
447,553,555
645,553,211,566
221,553,491,46,296
312,553,407
654,553,2481
17,553,1698,467,567
174,163,295,553,566,567
555,553,876,566,295
560,553,1379,2342,168
86,553,466,566,295
689,553,61,208,567,413
622,553,739,566
637,1574,295,553,765,2688
739,553,566
750,553,1460,2486,484
58,553,1460,566,968
61,553,563,566
211,739,296,553,1460,64
672,553,563,1460,566,567
168,553,555,1460,560
93,553,137,1260,566,480
692,553,1650,2659,566
368,553,484,566
467,295,553,466,566,567
474,553,1460
484,553,295,567
576,739,553,844,174,566
299,553,411
602,612,4,553,1742,566
371,553,563,876
307,968,553,555,566,58
278,484,295,553,524,568
2079,2407,296,2475,1460,1984
2222,1460,2405,567,1528
1688,1650,899,524,1460
776,163,876,1460
1541,1379,1460,566,1119
634,612,295,1460,566,567
46,491,1460,493
1138,1460,559,1688
567,466,1460,566,295
805,1698,1460
1860,555,566,622,472
35,67,36,560,566,567
1817,1935,559,560,2486,567
1792,683,1860,1560
2431,683,295,2648
384,88,639,632
2246,2244,88,2472
2098,1995,1996
1996,1801,1995
1801,1995,1996
1908,1801,1996,2302
479,524,566,480
871,524,1688
2443,930,2119,72,524,566
1617,883,524,566
883,1379,524,566,1530,576
284,524,566,748
1215,524,584
1932,2625,524
2409,524,1976
55,616,713,524,1688,2335
2643,2369,524,566
1677,75,524,208,566,1147
509,418,524,2327
1791,524,566,23,2335,416
466,524,566,295
566,466,524,295
2481,524,566,567
1922,1409,2403,524,1932
395,609,126,134
2231,609,612,158,2096
681,609,75,748,91
976,609,75,77,1080,669
180,609,612,332
134,609,612
612,609,2379,1936,720,1080
900,1673,612,1565,1566
2502,612,2261
1104,612,75,1580,428,1080
2341,612,1936
2353,612,2056
719,612,272
865,612,1080
2506,612,2500,360
1756,2433,612
1764,612,746,2612,408,640
2051,2379,612
387,746,612,748
717,612,158
1733,612,1645,2424
512,75,612
2541,161,612,158
2386,612,2677,2500
1669,1489,2379,612,1911
29,1607,612,1719
1353,1673,2675,612
580,697,612,748
1494,612,1733
1117,1594,612
1565,1673,746,612,688
369,612,748
1489,1491,612,981,428
939,561,612
1266,612,1726
1936,612,2500
1500,612,1307,1051,1311
1316,669,612,2453,1080
2326,746,2539,612
1598,1139,1149,1535,487
1164,1498,1499,1535
1557,1538,1535
1279,1535,290,487,584
1123,579,718,1535
290,1538,613,1535,1536
1149,1535,286,31,487
1349,1538,1536
630,1538,1536
2569,290,613,584,718,2545
1047,1346,2707,613,1122
404,403,2310,2303
1354,2303,935,2318,295
2112,2303,2048
2105,404,2303
682,713,403,2310
1326,2171,220,2310,1176
1957,2650,2528,736
2101,1962,2528
1847,2538,1848,1928
2199,1561,2538,2696
1928,2538,1847,1848
536,1561,762,110,673
792,1561,787,1004,1005
1162,2658,1703,1561,2424,1593
457,673,550,570,1561,26
2466,2058,229,639
2147,2183,1898,1004,1005,639
702,1645,639,16
863,1813,2424,987,1020,639
723,636,639
1809,2211,639
1190,1644,639,1688
619,639,479
1461,673,639
1313,419,1429,1270,345,639
1469,849,639,848
1896,639,1894,103
2172,345,2033,639
228,639,143,439,379,479
297,228,1237,693,439,639
2542,2674,639,687
1328,1570,639
265,636,639
780,748,1204,639,543
349,345,639
90,639,636,431
1028,323,1323,1337,379,639
522,1260,345,1082,1083,639
2427,345,639,1008
376,636,639
1920,2427,639,1008
450,639,1540,567,480
84,748,295
601,746,748,1053,206
204,748,2500,360
113,625,882,748,573
235,748,16
459,746,748
696,748,660,1968
199,748,656
503,295,2537,748,566,568
725,748,2613
329,2620,748
398,2347,748,660
738,2025,748
666,748,428,295
187,295,748,589,567
495,748,428
610,748,720
611,748,428
331,577,355,360,748,732
230,748,478
701,625,626,748,880
527,748,428
528,1657,2663,748,1969
764,748,1880
147,748,428
105,772,748
772,73,746,203,748
573,625,882,748
700,295,748,589,567
111,746,748,688
203,73,748,205,428
205,203,748,1646,2411
73,746,772,748
27,748,2613
686,218,748
19,746,748,428
543,780,1204,748
589,295,748,700,567
742,748,205
311,75,748,669
125,746,123,748,128
128,746,19,748,123
154,748,295,64
206,746,748,428
697,748,428
562,746,748,428
354,748,428
92,746,748
363,748,2192
2360,2521,67
1249,689,67,836
2295,2530,67,650,2381,1141
216,67,2381,2062,697,479
2311,67,2584,319,2608
1532,67,888,1155,984
2442,345,2586,67
2123,67,1865,76,1855,1856
184,67,540,542,455
1699,67,2598,431,687,1627
289,1378,67,76,2381,2038
2158,289,67
1741,1137,1306
1064,1137,1154
1143,1137,1019
1019,1137,1140,1143
1517,1137,834,1219
118,346,156,453,514
2390,346,2422
2267,346,75,2422
1925,2041,346,2328
882,1257,75,1204,2424
901,229,1352,1584,1208,1534
2426,2342,424,2475,789,63
1213,1498,581,1127
1126,1497,167
902,1498,1555,1554
581,1498,582,1127,1216
223,644,582
50,644,582
51,644,582,151,584
819,1126,583,818,1213,1216
260,321,229,583
2399,1499,2373,584
2159,2450,1499
1050,1330,1499,1293
1072,1330,1499,1293
2451,2450,1499
1484,1499,1124,1126
1127,2372,2373,584
65,290,285,487,584
285,65,487,584
644,1122,151,584
1236,1513,2509
1672,1513,345
950,1513,75,1609
1000,71,1513,1464,1241,348
1464,1513,1054
1336,1513,1338,1340,1268
1268,1513,345
2578,2181,2343,2509,1021,2368
2138,2509,431,432
633,2509,431,1583,1910,636
323,161,968,2509,1645,16
2561,1506,866,650,252,2556
7,491,252
933,1506,252,866
1878,579,2216,718,252,415
483,579,252,14,552
1506,866,252
1623,1313,1323,1579,1429,345
2618,229,2092,1429,345,1276
2610,345,2081,2080
336,345,586,427,379
1882,345,2450,2451
2340,345,676,2127
2230,345,1429,2664
964,345,1520
1443,676,1445,1446,345,415
1446,345,676,415
2590,345,2330
1628,345,1178,480
1276,586,427,1235,345,379
2291,586,2292,345,379,1276
2292,345,586,379,1276
1261,1313,2091,655,1270,345
1245,345,315,349,1062
676,345,2216
1182,570,26,1432
551,570,439,1423,2424
1274,687,1423,570,827,320
1093,570,1485
1713,570,1291,454,1026
256,570,422,71,768
1523,570,1485
1987,2339,71,1330,570,2463
1431,570,1485,1357
2100,457,570,2099,454
515,570,454
711,570,439,848
1270,1313,570,419,454
1001,570,1186
1026,454,1291,1007,1239,570
1522,1186,1485,1238,71
1058,1485,1360,628,632,1308
1693,1485,229,71
1221,1609,75,1485,1619
932,71,1001,1485,1464,1054
823,1485,1645
1198,1291,1054,1485,2635
1501,1485,1268,2181,1239
1238,1458,827,1485,1423
213,577,170,571
2027,577,571,2553,1923
1259,577,571,1521
1382,577,571,1525
1201,577,571,1521
1244,571,1525,1246
1247,1521,571
1525,577,571,1521
1710,1521,571,60,840
1923,577,571
1815,577,835,1802,1068,571
873,1521,571,60
60,577,571,1521,840
875,577,840,1521,571,60
1246,577,571,1521,1525
1068,577,571,840
606,577,477,677
864,577,809,2500
294,577,388
1527,577,1521,1525,840
355,577,1521
1711,577,1657
571,577,1521,60
1802,577,1068,1822
835,577,1068,1521,1815,1822
840,577,1073,1521,355
1015,577,677
1933,577,2025,746,19,1913
356,577,746,1563
2148,2499,2500,2020
2568,2499,360
2501,2499,2500
2323,2499,2500,2501,360
2377,2500,2501,2423,360
1788,2500,2677,360
1872,2500,360
2358,1657,2500
2423,2500,2501,360
2499,2323,2500,2501,360
1419,2500,990,727
1069,2500,2501,360,727,990
481,258,2571,668,2271
1929,2571,668,2125,75
800,2657,1707,1700,1123
1195,1123,1622
595,594,1195,1622,1123
542,1124,540,455
1189,1355,1124
1177,1593,1355,1124,1286
76,1355,1124
818,819,1213,1126,1368
858,1484,1126
2490,2372,644,1127,2373
924,923,1127
820,1155,818,819,1213,1216
1553,1554,1555,1213
1700,2657,1216
1210,540,1216
1708,825,826,1216
825,1622,1216
714,162,348
999,1241,1242,348,85
453,514,348
85,1241,1242,348
913,1241,1242
1202,1241,326
842,1241,2560
898,1241,158
988,1241,75,1609
1087,1241,1528
743,1241,773,646
1142,1241,1242,1173
1242,1241,773,2560
951,1241,1242,85
1348,1241,1242,85
1148,162,1348,773,1241,1242
1241,1242,85,773,1528
1021,1323,431,1329,1330,1338
2540,1323,1429
324,2561,2468,229,1323,141
30,427,430,383,320
2370,257,427,2608
1577,427,1596,1267,376
837,427,1596,1267,376
1188,427,1235
2127,427,2427
1487,1009,1570,427
938,427,1235
304,1175,427,2092,479
1062,586,427,379
319,427,1645
2432,427,2427,1920
1424,1329,2584
1585,2152,1165,1329,2038,1627
1102,1329,844,1112
1032,1329,259
1514,1329,786,1813,635,863
928,1329,1020
1413,1329,1432,1112
1156,1329,1602,1813,863
1110,1329,1571
1112,1329,259,1340,1571
1569,1329,1054,431
784,1329,1156,1813,1408
786,1329,1156,1813,863
1174,1329,319,2584
1025,2339,75,1054,1336
1479,1337,2339,1336
2678,2018,2339,1583,1910,1340
2128,1330,2339
2444,2339,1340,2344
1767,1811,428,478
1915,2177,428
2256,428,2413
1812,2411,428,205
2384,428,1821
2454,2667,428
1761,428,1880
2575,2108,428
2389,428,2576
1400,428,1464
1406,428,1464
588,89,428,215,2240
2259,428,1888
824,1284,428,143,228
1319,1284,428,143,228
1548,1284,428,143,228
1038,428,1029
2307,2050,428
313,578,428,773,646
1284,428,143
1285,1284,428,431,231
231,1284,428,143
2659,844,428,567,2648,478
400,1251,428,16,1252
407,2308,428,231
1976,428,566,2656
251,578,108,77,428
585,251,428,640
305,428,109,1462,1913,251
2449,428,2527
2684,428,669,2045,688
955,970,428
2438,746,428
917,428,158,1039
2000,428,2004
947,1601,428
1578,659,428,1581,344
1341,428,158
392,1284,231,428,143,439
2488,137,53,431,1824
1618,1108,237,431
2594,635,431,2343
1638,1563,158,431
684,1861,431,687,633,636
2034,431,2623
1166,431,1328
2198,431,2343
224,431,687
525,521,431
382,636,687,431,2343
652,636,431
2344,209,1338,1619,431
548,75,431
209,89,1570,636,431
687,635,636,431,319
173,636,246,431
178,966,431,912,2193,636
1271,2343,431,209,628,1336
120,229,431,687
53,229,431,479
237,431,1271,1272
498,2343,479
2152,1110,2038,2343
945,1338,1336
1608,849,1336,1054,1224
1513,1113,1336
1224,849,1336,1423,1608
886,178,1336
1033,968,592,849,848,1336
2301,1338,2637,480
435,2474,1340,598
1571,1340,1679
80,439,2208
97,650,439,2062,479
22,1379,439,295,568
608,1307,439
617,439,269,614,2047
693,379,439,1192
1371,137,2693,1103
2039,986,2693
2173,137,2693,160
930,1698,741,72,1560
1560,1698,2659,741,72,1704
1924,1929,2115,2228,72
662,75,77,72
1642,559,1087,72
907,75,1020,1861
1018,75,158,1575
1635,75,1253
605,75,669
2514,2375,75,311,1367,2240
155,393,75
2655,75,2422
2285,75,2284,1294,2279
2336,75,2379
506,75,135
253,295,75,689,563,61
346,75,77,2422,623
788,1289,75,1288
2391,75,2228,77,37
264,75,669,2422
378,75,623
20,75,572
868,75,668,1494,47
870,77,1375
1129,1289,1394,77
695,251,77
1935,424,77,559,2464
182,77,158,663,767
2533,2418,77,767,519
2328,2016,1925,77
519,77,182,663,767
1439,566,295,808
104,129,295,466,566,472
639,2410,295
1673,697,295
808,1673,295
2477,2473,295
478,295,746,566,567
565,1842,739,566,295
129,566,295
2476,641,2247,592,1364,575
1945,2092,1260
2214,1260,2540,2254,2127,2291
1082,1083,1260
894,1291,1260,1175
2313,522,1083,1260
137,480,987,1540,1260
2619,2510,1270,454
877,1026,454,1007,1270
2156,2468,592
288,641,550,592
1187,493,1310,1269,592
454,1125,550,592
550,641,673,592
1359,454,1662,592,1568
2183,1898,1004,2012,592
849,592,848,968
200,641,592
489,550,110,592
1106,1027,2357,799,592
2300,76,1855
1855,1865,76,1856,2300
1856,1865,76,2300,2076,1855
2646,2483,1855
2483,2124,1855,1856
156,85,13
1804,100,85
1551,1420,1428,85,1239,158
1436,1043,1044,1029
207,1489,1491,1029
1043,1044,1029,1038,207
1611,1029,1038
1321,809,1301,360
809,732,360
1343,809,1301,2455,360
1092,1289,477,677,1015
1057,477,677,1015
301,594,1622
2696,2697,2058
791,2058,1235,1511
1511,2058,1235,791
1297,457,110,1199
2456,457,454
2654,457,1364,673
1749,457,2183
2414,2374,1367,1719,669,2240
2415,2374,1367,1719,669,2240
2563,669,1367
119,466,637,566
2028,637,2410,466,566
2673,637,2410,466,566
2369,466,86
1441,1379,566,83
83,1379,566,40
971,1379,1534,975,568
1046,1541,472
1633,472,69,1688
296,83,566,472
464,4,484,334,565,478
2410,1645,478,1870,2544
428,2025,202,478,351
334,478,566,567
934,876,484
651,657,484,1007
1402,2606,1555,563,566,952
2019,563,1829,2015
441,563,415,368
1890,2649,731,2587,563
1118,2090,911,563,248,1115
1184,1194,1203,739,563
1783,135,296,566,567,2329
1586,739,805,566
426,566,86
1013,883,566,296
1377,739,1547,307,566,1728
1317,883,566,296
774,657,1644,566,1688
386,566,568
843,1541,566
1958,2537,566
1214,1650,739,566
1742,1842,739,566
1547,566,64
493,566,491,2420,1742
411,83,566
1728,739,566
245,137,566,751
1379,576,566,174,2486
2486,174,2481,566,567,576
2629,739,566
2630,2537,739,2629,566
1374,566,1719
1448,1516,1582,567
859,1085,2557,567,2304
1644,1650,650,567
275,567,205,479
322,2306,1955,2180,1193,567
1829,2019,2015,568
904,1673,1492
2334,319,2584,103,2136
1810,2586,2072
1831,2586,2467
1264,2586,1235
117,89,2429,687
226,89,2429,687
761,89,2429,687
45,89,2429,687
431,257,1570,687,635,636
1408,1627,1156,1813,863
1736,1627,1003,984
1165,1627,1571
446,691,319
2458,691,1981
869,1650,1644
1229,1689,1650,1694,1688
149,461,657,1650,211,1688
1558,1650,651,692,1688
1481,925,1533
1011,1570,1579,1062
1652,1011,1062,1579,878
1075,110,1175
1136,1443,1445,1175
1103,137,986,1175
903,1175,965,911
992,1369,859,1085,319
2428,2395,319
1324,1063,1196,1146,1150,1151
1631,1196,1204
1120,882,1204
817,882,1204
1412,882,1204
212,2077,326,646,1528
811,1719,1288
946,1415,1288,328,789,63
977,1394,1269,1288
1415,1288,1289,1394,789,1269
1438,1288,1394,788,1594,892
1398,1394,906,1288
500,1289,251,1288
906,977,1394,559,1288
1503,1289,578,773,1394
108,1289,251
109,1289,251,108
11,193,194,421,520,281
2591,421,389,2422,520
520,193,194,421,2449,2550
440,193,421
2609,2550,520
191,357,520,2224
706,193,1911,520
511,193,357,520,2224
2224,2215,520
2550,194,520
281,193,194,2550,520
75,194,2422
157,522,315,237,432
1687,2427,2283,838
2494,2427,1429
1889,2428,110,508
2549,2428,2392,508
2592,2428,2254,2127,2432
2392,2428,508
508,550,110,2392,2428,799
2425,1429,2590
1209,1435,1430
2226,1609,257,1733,2424
2163,746,2587,2600
1648,2587,1909,2616
1094,356,2086,2229,123,1660
2401,125,123,1917,128
198,634,4,750,296
2184,2306,1955,2180,2151
1193,2474,876,2151
1605,1273,1282,1452
949,1282,1283,1447
1472,1282,1283,1634,694,448
1273,1282,1283,1452,1347
1452,1282,1347
1282,1283,1347
2309,241,2653
854,1020,1733,1054,2424
961,379,1293,1302
2013,379,103,2136
2196,379,1964,287
2043,379,2429
1239,379,1291,1551
219,379,1291,479
179,379,287
586,379,2092
1645,379,1291,2424
1291,379,1020
1964,379,287
397,379,479
2584,379,103,2136
1451,809,732,1711
577,44,1711,732
1779,2025,732
250,2650,87
2107,2650,736
217,197,736
196,197,736
1607,410,827
1423,827,829
2581,137,1820,53,1824
225,1602,1820,598
2400,137,2627,2399
1480,137,2018,1103,2544
2544,137,160
1777,137,1596,2544
1414,137,1103
160,137,986
2232,137,2636
1589,1115,1118,2335
1262,2090,1115,1118,248
1604,2090,1115,1118
2258,1768,1769,2445,23,248
501,248,564,2445,1768
2447,130,2452,248
1974,130,2452,248
358,804,2090,244,538,1564
1966,713,2090,758
2333,1118,2335
2686,2054,2055
592,641,550,2055,673
2054,2691,2055,489,110,2686
2160,2082,2662,1911
2367,2082,1911
2546,1795,2083,1796,2179,1774
2179,1794,2083,1796,1795,2182
909,2305,810,415,920
925,673,1540,1461,1310
443,636,1909
475,699,636
635,257,1571,636
636,641,661,110
460,641,110
1364,641,2654,673
1898,641,26,1004,733
21,641,268,335,26,733
575,641,550,673
131,641,460,673
2055,641,110
2582,650,2404
458,650,167
2485,2617,987,1645,2615
1643,1378,987,1476
2617,987,1645,2615
401,259,556,15,2355,2361
545,1,259,15,752
269,617,259,614,15
1,259,15
9,1,259,15,752
752,259,15
436,1,259,9,15,752
521,231,479,143,720
569,844,479
419,741,1199,480
1592,955,1051,872
185,433,434,429,159
599,429,303,433,308,159
434,433,429,159
708,196,197,159
1227,1235,1291
14,1235,579
862,1237,1679,1432
2169,1364,2351
1365,1364,1005,1344,1004
1457,1344,309,1470,1096
557,2361,2355,556,616
1706,460,2357,1470,1365
2157,2099,454
10,454,762,309,482
2060,2652,454
2355,2361,556,454,2456
1567,1125,454,1568
1662,454,110,1359,792
1450,1026,454
2035,578,454,559,2328,2016
1096,1361,793,799
2005,2361,2041,673
1387,2361,1716,673
1007,2361,575
2041,2361,575,1007
268,460,733,21,335
1344,673,1364,1005,1004
787,1364,1005,1004
1470,1005,1004,1365,1662
616,556,615
2073,668,37,2228
1975,668,37,2228
1294,1593,1601,1607,673
406,1593,1286
1299,1593,410,1286,408
2330,673,1291
2361,673,2041,575
1004,673,1005
1005,673,1004
2382,2668,1607,688
1674,965,1574,966,967,911
1132,911,1254,967
1433,1574,965,966,911
1141,965,966,967,911,982
1312,1254,1141,765,911
965,911,903
765,637,1574,911,2688
812,1141,1254,911
982,911,966,903
1482,965,1574,966,967,911
421,193,194,2215
239,194,490,47,1816
374,653,87
1980,1845,1846,69
1846,1845,69
980,69,880,1846,158,767
2008,1780,69,1781
1826,69,1967,979,980,122
2394,497,664
502,497,504,664
1897,497,2394
1814,2394,1819,504
1953,2394,504
2030,1953,2394,1819,504
1852,1897,504
25,270,40
944,1647,794,729,1017,1467
1671,1017,1219
1467,1017,729
1091,1030,1024
2457,49,42,1030
1109,1505,1507,1508,1504
1277,1505,1507,1526,1504
1505,1507,1309,1504
1508,1505,1507,1309,1504
1526,1505,1507,1504
1309,1505,1507,1504
1416,1505,1507,1526
2075,2608,1637,2616,1648
1074,1570,1637,1113,315,1183
929,257,1637,984
984,257,1637,888
1685,1570,1637,1648,315,1183
822,1390,1422,608
673,2041,110
885,1659,110
779,26,110
172,115,110
956,561,110
1666,540,884
1211,540,884,1454
52,773,646,2560
2077,2560,773,1325,1528
1748,420,1325,1327,1528,2560
261,2560,420,1325,1528
2167,773,261,1528
2168,2089,773,2167
771,731,1286,351
2595,2307,412
754,410,445,406
513,412,408
2440,1876,408
1876,2554,1892,408
2583,2179,463,1719,410,412
1892,201,59,412,207
1471,1465,412,1038
537,201,59,412,207
1734,905,42
890,905,42,2154,1714,893
95,42,127
1983,2154,1714,1717,42
1714,42,2003,1717
893,905,42,139,1714,1717
353,905,42,1373
24,42,760
116,905,42,139,2154,1714
1784,49,2349
2683,49,2349
6,491,2165
735,491,493
214,491,493,735
2324,2420,493,789,1269
2322,2187,2188
532,2188,694
136,419,655
2493,578,2462
1077,1087,2462,1079
1079,1077,2462,1087
402,633,578,443,2463
424,559,1291,558,63
2661,578,559
377,705,642,559
558,559,424
1533,559,578,783,328
1556,559,1551
1740,849,642
485,642,643,1575
658,657,1582
1712,1516,1582
2278,2625,1932,2253,2270,1278
2403,1922,1932
1409,1250,1932
518,1171,165,2510,1199
1684,1698,741,1199,1560
1158,1701,742,1705,746,688
688,746,742
2166,746,130,539
1701,746,688
1705,746,688
37,746,1934,258,1592
1887,746,1885,1886
2337,746,2580
79,561,158,215,767
1139,1345,1122,2707
1122,1345,541
1048,1345,1346,1355,1349
1345,1346,1047,1048
1641,1346,2707,541,1122
613,1349,630
314,1378,802,1643,1355,535
1421,1355,1139,1048
807,1122,1355,1139
912,586,1355
1124,1681,1355,1675
1681,1355,1675
1554,83,1555
1825,1596,103,2676,2007
1894,1909,103
1965,103,1863,1645,2676,1596
2029,1004,309,2654
2484,1849,1004,1005
2218,2283,1008
2515,486,2381,1839,1909,2559
2381,2562,486,1839
1839,720,1909,486,2381
2562,486,2381,720,1909,1528
2479,2227,2221
2140,2227,996,2221
1959,2227,2221
1410,130,2221
1941,2221,2176,861
1951,2227,2221
232,286,487,31
286,487,31
2277,487,31
987,2617,1645,2615
1863,1596,1965,2676,1645
1864,1645,1596,1965,1863
2365,1645,1813,863
1257,2676,1645,1020
1602,1645,2424
2356,218,764,1880
2063,2067,2061,2053,2062
2036,859,1085,2304
468,2017,496,465,343,730
2001,2116,468
271,496,340,468,343,574
277,2116,1994,271,468,343
496,343,340,468
730,468,343
1376,561,1453,158
2288,561,2316
598,676,205
2411,2050,205
2651,205,2216
2081,2330,1291
1919,2330,1291
1192,1291,662,2424
1390,1051,2708
775,332,2708,1494
1902,1801,2302
1076,1341,158
394,158,15
2681,2597,102,158
1290,1453,158
2022,2429,158
1719,158,1080
561,1453,741,158,247
2096,2057,158
372,89,158
2418,2533,158
2682,161,1858,79
470,161,79,215
1858,161,2541,126,2021
1056,1060,1285,608
1170,1285,525
1010,1080,935,2176
927,1113,1020
2416,1113,2531
102,1113,332
135,1119,2136
2634,2012,2183
1836,2012,2183
1434,1027,799,1096
12,625,660
1563,628,632
1680,1570,628
2675,2544,160
1600,1698,672
1704,1698,741
1665,1698,741,805,1560
1668,1698,741
1861,2659,2429,2431
2175,637,765,1574,2688
2234,637,704
996,416,2674,1691,1179
99,2697,1955,616
979,665,1594,1955
2151,2306,1955,2180,2223
2016,2093,2328
1568,1125,1567
140,2362,189
390,578,186,325,333
181,351,144
731,351,352
202,351,1991,1719
1289,1594,1462
2320,2132,228
1658,1596,1308,1463,1423
233,269,614,15
747,300,15
243,1007,575,15
709,251,1117,15
32,251,1117,15
737,251,1117,15
614,2497,2108,15
1583,2018,1909,1910,1087
1546,1583,1910,1087
2417,2507,1911,2376
2507,1911,2662,2367
2243,2662,1911
2376,2662,1911
2576,2507,1911,2367
1252,1251,400
526,523,1420,685,1426,1428
685,162,1426,780,1551
2572,2497,614,269,1879,2108
255,1177,16
254,16,1816
539,130,2166,16
81,2045,16
1307,1051,1311
1493,1051,1725
1963,1828,2510,575
1789,2179,1796,2182
1794,2179,2182
1796,1794,2179,1795,2182
2348,2266,2255,1304
1191,810,1322,1130
1230,810,1616
1640,810,1616
298,810,442,1322
1223,810,1322,1130
1045,810,813,815,1366,1342
813,810,1366,1342,815
815,1081,810,1322,1130
920,810,1130
1081,810,813,1322,1130
1366,810,813,815
2067,986,2675,160
2221,130,1410
2194,130,539,2166
1205,2625,130,1154,538,539
1773,2308,2352
604,1641,541,671,1048
325,63,333,327,328
2703,2625,882
2204,882,1412,2398,2406
2406,882,2398,1120
2455,2130,1059,882
2310,1970,539
1594,1117,1462
171,251,5
499,251,108,109
34,251,1702,1592
1269,2420,789
624,1173,2342
789,1269,2342
1758,1269,2342,2222
1843,2342,1269,1758
790,1410,1207,416
2665,713,190,2103,416
2104,2335,416
1738,1179,381,416
1833,1832,1837,56,2335,416
1837,1833,416,2335,1832
210,2335,416
2354,2335,416
713,220,416
94,726,760
96,162,760,359,1256
100,2579,760,2680
1356,1641,1149,1649,1048
1727,1570,1680,1685,315,1183
1012,1009,1570,1011
878,1570,1011,1579
1183,1570,1011,1579
1702,833,34,37,1592
833,1053,1702
2421,2170,1528
1544,1325,1528
2525,261,1895,2089,2167,1528
2526,2089,1528
828,914,910,1895,1528
910,914,1895,1528
972,1327,2167,1528
420,261,1327,399,1528,249
1755,1868,1870
2459,2507,2243,2367
2503,2606,718
952,1555,2606
1739,1690,539,220
39,1690,220
2219,2050,2022,2338
1838,2133,383
2103,145,190
1389,849,1026,1587,1028
1401,849,968
848,849,968
488,539,292
1037,713,539,1663
2347,1596,1302
152,1529,1596,361
1200,1703,1551
832,2467,2244,886
54,804,1564,244,1440
891,19,867
899,108,109
1938,390,1065,108,624,2294
1063,931,1255
2145,1895,1327
591,365,366,367
2573,2113,366
451,2559,955,647
855,1179,2212,2599,1232
957,1179,996,2599,1232
1477,1179,1278
1737,1738,1179
1691,1737,1179,996
1231,996,2599,2471,1232,1179
1232,1179,996,1496
1233,996,2212,2599,1232,1179
1746,2642,2176
1720,1258,2262,2176,1912
2251,1697,1941,2176
2088,1258,2262,2176,1912
2207,2380,2262,2134,1912,2176
121,1185,189,2176
2200,1185,1785,2134
845,1185,935,975,56,1785
861,1185,935,1912
966,965,903
1582,1516,765
1918,1797,2335
2325,1162,2327
1956,2195,2150,2191
2189,2190,2195,2150,2191
653,250,87
2480,2129,2320
2031,2129,2131,2132
922,1266,1726
816,881,1524
1960,121,178,2260
1181,1178,1621
2282,2430,1135
2625,2430,2318
1144,2430,1405,2166
1429,1602,2330
1430,1602,676
2474,552,2552
1550,1603,340
1603,340,1327,972
1946,730,1994,343
2547,1994,277,343
1994,730,277,343
777,2089,399,1327,343,2167
57,779,1028,968
2272,2250,2251,2253,2260,2239
2084,1828,300,2512
2321,1854,2512
2142,2419,2512
2419,2142,2512
2346,2419,2006,2512
1488,1529,1533
1827,690,2631
1581,1626,690
1067,37,1053
1828,300,575
853,1655,1016
856,1339,1655
1339,785,918,1655,1016
1476,802,1643
732,1657,122
2280,2580,1807
838,1490,1008
2162,1327,2168
2435,1748,2070,1327
249,2089,1327,399
106,249,2435,1327
1905,644,2557
465,276,574,280
252,1506,866
2687,917,102,2597
1939,1771,1765,1766
680,33,31
1502,448,694,1472
1597,315,1245,349
2536,2177,1669
1899,1269,2109
2141,1899,624,1269,2293,2109
1134,1667,720
1113,1619,720
88,2022,720
1216,825,826
1772,1697,1776
2083,1794,1796,1776
389,2591,440
1159,1556,1551
1426,685,1551
960,794,1131
1695,794,1456
1331,794,1168
164,794,189,190
1456,794,1154,1070,1686
1250,1729,794,1475,1474
263,794,1981,189
2061,858,1484
1052,2577,1053
1515,1334,430
821,1147,1253
2092,1540,2439
343,1801,2017
2671,490,254,1816
302,490,239
1816,490,254
47,490,302,239
1632,935,2599,2408,2605,2331
1150,913,1892,2045
1770,1697,2331
2331,1697,2605,2599,1632
1934,2661,749
139,417,138,749,1714,1717
1775,1969,1892,2620,991
1151,913,1150,1631
279,1899,325,327
1986,2066,996,1232
327,325,328
186,325,390,333
1900,2293,328
1065,953,1938,333,624
974,994,803
2607,2338,2663,528,2612,2460
554,124,2460
627,262,688
2290,1805,1806
749,1927,138,139,1934,1942
417,138,139,2511,1714,1914
1417,923,924
1234,923,924
266,101,759
759,101,266,1981
1823,1657,2663
1267,1302,1664
997,162,1016
2312,2449,162,2286
1475,1729,1474,381
1265,1739,1135
2704,2201,1410,1222
1798,2201,1410,1222
177,380,757
1509,1725,669
1859,2529,2482
1629,1064,1176
1853,2593,100
2579,100,2680
1614,785,100,1620,1615
1620,1723,100,1724
1723,100,1724
1256,895,100,359
2543,2237,2263
2436,2237,2263
338,347,364,78,144
530,342,341,710
342,341,710
710,341,342
2094,284,1991
2446,2276,2269
2276,1121,2269
2111,1828,300
991,59,806,1775
2496,59,572
1455,1170,525
373,274,39
916,1173,1295
638,516,624
2161,2435,1748
303,433,429
429,433,303
2047,2108,269
1384,153,1385
2139,2286,1719
1073,1521,355
830,963,1253,821
1486,1253,1160
1116,1253,821
756,2059,189,1405,758
1459,1715,839
318,418,509,2327
364,347,144
1731,1035,1534
921,1521,874
1212,1521,1059
234,596,1991
2191,2195,2190
2366,2669,2190,2191
2190,2195,2191
2150,2195,2191
2505,1537,2668,1664
66,745,744
1358,1462,1512
781,1140,1599
1599,1140,1573
915,273,1552
2115,1929,2125
2273,1177,1867
1314,1006,1383
2705,210,2408
1036,1217,1219,715
1300,1217,1219,715,1393
1425,1219,1531
834,1219,715,1797
1615,1620,1614
2087,2066,1232
2689,2217,1785,1841,1840
2706,2217,1785,1841,1840
2644,2471,2647
2647,2644,2471
1105,1261,1263
1926,2393,2134,2207
1985,2380,2207
2701,2698,2699
2289,2698,1760
1760,2698,2699
2374,917,2375
2375,917,2374
897,889,469,1373
42,889,1714,1717
2378,2026,492,469
1978,2154,2220,2511,2319
1993,2154,1714
1717,2154,1714
2003,2154,1714,2511
2009,2154,2220,2023
2023,2009,2154,2220
2702,2248,2264
1871,1714,2363
1979,1714,2511
1992,1714,1717,2511
2511,1714,2363
2209,1762,2235,2236,127
183,492,469
492,469,2319
2422,1907,116
2002,834,1797
283,593,590
1145,593,1510
590,593,1510
2516,2004,2000
2508,372,2374,2375,2240
1367,1374,2374,2375
2596,2563,1316,2453
2065,1778,1803
273,915,1552
2332,572,2695
1763,572,2496
2695,1763,572,2496
572,1763,20,2496
1095,1660,356,2229,2086
2069,356,2229
1253,1478,1486
746,1885,1886,1887
1903,1885,1886,1887
