2
8
11
12
14
20
22
23
24
26
28
31
46
48
50
51
54
55
56
59
61
64
65
66
69
74
75
77
83
84
86
87
88
99
100
103
115
116
117
122
124
125
130
131
134
136
137
142
143
145
148
151
156
157
158
159
160
161
162
166
168
170
172
174
180
184
186
195
199
204
206
207
208
209
212
213
222
228
231
237
238
240
241
247
250
251
253
255
258
263
264
266
267
268
273
274
277
279
281
282
283
284
285
289
291
294
296
298
299
300
304
305
306
309
310
313
317
319
321
322
324
328
329
333
341
342
345
347
353
357
358
365
366
367
368
369
370
375
381
382
384
385
390
394
395
402
405
409
412
413
415
419
422
423
426
427
429
430
431
436
444
445
446
450
451
454
455
457
458
461
464
471
478
482
484
486
487
489
490
491
492
493
496
497
498
501
502
503
504
511
518
520
522
528
529
531
532
534
539
540
541
545
548
549
554
560
562
571
573
575
578
581
589
594
595
599
604
605
606
609
610
623
631
633
637
639
647
648
649
652
653
655
656
657
658
661
665
667
669
671
672
679
680
681
682
691
694
695
697
698
700
702
705
706
707
709
715
717
718
721
724
731
736
737
751
754
756
757
760
761
762
765
770
772
781
784
790
792
796
799
804
809
812
815
817
819
820
821
824
825
829
832
836
837
838
840
841
851
852
853
856
858
860
863
866
867
869
871
872
874
876
877
879
881
882
884
885
886
888
895
897
900
901
903
912
916
918
919
920
930
932
933
934
937
939
940
941
944
945
946
947
948
950
953
960
961
962
965
969
971
972
973
976
977
983
993
996
1002
1005
1006
1008
1012
1013
1014
1015
1019
1023
1024
1026
1030
1033
1034
1042
1044
1047
1049
1052
1053
1060
1062
1063
1067
1069
1071
1072
1073
1074
1075
1077
1079
1087
1091
1092
1093
1095
1097
1100
1101
1102
1105
1108
1114
1118
1121
1124
1126
1127
1129
1133
1135
1137
1138
1142
1151
1156
1159
1162
1164
1171
1172
1173
1174
1176
1178
1179
1180
1188
1189
1193
1195
1196
1203
1206
1207
1208
1214
1218
1219
1220
1222
1227
1228
1234
1237
1238
1239
1242
1248
1255
1257
1260
1262
1265
1267
1271
1273
1278
1280
1281
1284
1287
1293
1295
1297
1301
1303
1304
1307
1308
1310
1311
1313
1316
1318
1319
1320
1323
1325
1327
1328
1332
1336
1343
1345
1346
1350
1352
1355
1356
1360
1363
1364
1367
1372
1375
1381
1385
1392
1395
1404
1407
1414
1418
1421
1424
1428
1431
1435
1436
1439
1441
1442
1443
1444
1450
1452
1453
1455
1462
1468
1471
1473
1474
1479
1482
1483
1486
1488
1493
1500
1501
1507
1508
1513
1514
1523
1529
1531
1532
1534
1535
1536
1538
1540
1543
1545
1548
1550
1551
1552
1554
1555
1561
1563
1565
1568
1574
1576
1577
1579
1580
1584
1588
1589
1593
1595
1598
1607
1610
1611
1613
1618
1620
1621
1622
1624
1627
1630
1631
1632
1638
1641
1652
1653
1654
1656
1658
1661
1665
1668
1672
1675
1676
1680
1681
1682
1686
1690
1695
1697
1701
1702
1706
1709
1712
1716
1720
1722
1724
1725
1728
1730
1731
1732
1740
1741
1748
1749
1753
1756
1757
1760
1761
1763
1765
1767
1768
1773
1775
1776
1777
1778
1780
1781
1789
1803
1804
1806
1807
1816
1824
1829
1831
1833
1834
1835
1842
1844
1852
1854
1857
1859
1861
1862
1863
1868
1870
1874
1877
1878
1889
1893
1901
1907
1913
1917
1921
1922
1924
1925
1926
1928
1931
1933
1937
1941
1942
1946
1947
1951
1955
1956
1965
1969
1974
1975
1977
1978
1979
1983
1986
1987
1998
2000
2002
2010
2011
2014
2017
2018
2019
2020
2023
2031
2034
2038
2040
2044
2046
2048
2049
2051
2058
2060
2064
2065
2066
2069
2072
2073
2075
2078
2079
2081
2082
2086
2088
2090
2093
2096
2097
2098
2099
2111
2114
2115
2117
2118
2121
2122
2124
2125
2126
2129
2131
2133
2137
2138
2140
2144
2145
2151
2157
2159
2163
2165
2169
2174
2178
2180
2186
2187
2190
2193
2194
2195
2198
2204
2205
2207
2209
2212
2215
2217
2219
2220
2222
2223
2224
2227
2228
2229
2233
2236
2237
2239
2242
2253
2254
2257
2258
2261
2264
2269
2270
2275
2276
2282
2284
2286
2289
2291
2294
2301
2303
2307
2308
2312
2313
2323
2324
2325
2326
2328
2330
2331
2333
2334
2335
2337
2345
2346
2349
2350
2355
2356
2360
2361
2363
2365
2370
2372
2377
2378
2381
2385
2388
2389
2390
2391
2394
2397
2398
2399
2400
2401
2407
2408
2414
2417
2418
2419
2420
2421
2427
2429
2438
2440
2444
2445
2448
2451
2454
2455
2456
2463
2465
2466
2468
2473
2475
2478
2480
2481
2487
2489
2490
2492
2500
2504
2507
2508
2509
2513
2517
2521
2522
2528
2531
2537
2541
2543
2548
2551
2553
2554
2557
2560
2561
2564
2568
2569
2572
2575
2581
2587
2591
2595
2596
2598
2600
2601
2618
2619
2625
2626
2627
2629
2631
2634
2639
2647
2649
2650
2651
2657
2658
2662
2665
2668
2670
2672
2679
2680
2682
2684
2687
2690
2691
2693
2697
2699
2703
2704
2705
2707
2710
2711
2715
2717
2718
2722
2723
2726
2728
2729
2731
2732
2733
2736
2740
2741
2742
2745
2747
2748
2749
2751
2754
2755
2758
2762
2765
2767
2768
2774
2775
2778
2780
2783
2785
2786
2791
2792
2796
2797
2800
2802
2806
2809
2813
2814
2817
2819
2824
2825
2827
2833
2836
2838
2840
2841
2842
2843
2846
2849
2851
2853
2858
2860
2861
2864
2865
2871
2872
2875
2879
2883
2885
2888
2891
2893
2894
2896
2899
2901
2906
2907
2912
2914
2915
2916
2920
2928
2932
2933
2939
2940
2941
2942
2946
2947
2953
2955
2956
2959
2961
2962
2973
2974
2976
2978
2990
2995
2996
3001
3002
3006
3007
3011
3015
3020
3021
3025
3027
3028
3030
3034
3035
3036
3037
3038
3039
3044
3045
3046
3048
3049
3051
3058
3059
3061
3067
3068
3072
3075
3079
3082
3083
3084
3088
3090
3094
3098
3102
3106
3113
3116
3117
3123
3124
3128
3131
3132
3133
3137
3139
3141
3142
3143
3144
3146
3151
3153
3158
3162
3163
3164
3166
3168
3169
3172
3175
3177
3179
3182
3186
3188
3189
3194
3195
3196
3204
3210
3213
3217
3218
3220
3222
3224
3226
3228
3235
3238
3240
3241
3243
3245
3246
3247
3249
3256
3257
3259
3262
3265
3268
3269
3270
3273
3275
3279
3282
3288
3291
3292
3294
3296
3298
3299
3304
3307
3311
3312
3314
3316
3318
3320
3323
3324
3325
3327
3330
3338
3341
3345
3346
3350
3351
3357
3359
3369
3382
3384
3385
3388
3390
3401
3402
3408
3411
3413
3416
3422
3425
3426
3427
3428
3429
3431
3433
3436
3438
3440
3442
3443
3445
3449
3452
3453
3456
3458
3459
3462
3463
3474
3475
3476
3477
3478
3486
3491
3492
3493
3495
3497
3498
3499
3503
3504
3505
3511
3512
3514
3518
3519
3520
3522
3523
3524
3526
3527
3528
3529
3531
3532
3536
3538
3540
3541
3546
3549
3550
3558
3559
3561
3564
3567
3570
3571
3573
3574
3577
3580
3585
3590
3594
3596
3597
3601
3604
3605
3607
3615
3618
3626
3629
3630
3633
3636
3637
3642
3652
3654
3655
3656
3657
3666
3669
3675
3676
3679
3681
3685
3687
3690
3694
3699
3700
3701
3704
3705
3707
3710
3712
3716
3719
3726
3728
3729
3731
3732
3741
3742
3744
3746
3747
3748
3750
3752
3753
3757
3760
3769
3771
3772
3774
3775
3777
3778
3783
3790
3791
3794
3795
3797
3800
3801
3804
3806
3808
3812
3817
3819
3822
3824
3825
3827
3828
3834
3835
3841
3843
3848
3852
3853
3854
3856
3864
3869
3870
3876
3877
3879
3880
3884
3886
3894
3895
3896
3900
3901
3904
3905
3910
3911
3913
3917
3918
3919
3920
3921
3922
3923
3924
3925
3926
3927
3931
3932
3934
3938
3942
3944
3947
3951
3952
3957
3959
3960
3961
3965
3966
3967
3970
3973
3980
3981
3982
3984
3989
3991
3996
3997
3998
4007
4009
4012
4014
4020
4027
4028
4031
4035
4036
4040
4044
4048
4049
4050
4056
4057
4059
4061
4066
4074
4078
4079
4080
4084
4089
4094
4099
4106
4108
4109
4111
4118
4119
4132
4136
4140
4142
4146
4149
4154
4155
4157
4158
4160
4166
4180
4183
4185
4186
4192
4193
4194
4199
4200
4204
4205
4206
4208
4209
4213
4214
4219
4223
4226
4230
4231
4235
4239
4240
4244
4245
4249
4251
4253
4254
4255
4257
4259
4262
4264
4265
4266
4272
4273
4274
4277
4295
4297
4302
4304
4308
4311
4312
4315
4316
4318
4320
4321
4325
4332
4333
4334
4335
4336
4337
4338
4339
4340
4344
4345
4346
4348
4350
4351
4355
4358
4359
4366
4367
4368
4373
4374
4384
4385
4386
4395
4397
4400
4402
4403
4408
4410
4411
4412
4413
4414
4421
4424
4425
4430
4438
4443
4444
4445
4450
4451
4452
4458
4460
4465
4466
4469
4471
4478
4479
4480
4481
4483
4485
4486
4488
4492
4495
4496
4501
4502
4505
4508
4510
4511
4512
4513
4516
4518
4522
4525
4526
4528
4529
4530
4532
4533
4538
4544
4545
4548
4549
4557
4558
4564
4566
4569
4570
4571
4579
4584
4587
4590
4595
4603
4604
4606
4612
4621
4625
4626
4627
4635
4637
4639
4644
4645
4650
4651
4652
4654
4664
4665
4666
4669
4670
4672
4674
4676
4678
4682
4683
4685
4686
4688
4691
4693
4694
4695
4696
4697
4700
4702
4703
4707
4713
4715
4717
4719
4721
4723
4724
4726
4727
4731
4732
4733
4734
4738
4740
4741
4745
4748
4751
4753
4757
4761
4763
4764
4766
4770
4771
4774
4775
4778
4782
4783
4784
4786
4788
4790
4791
4793
4795
4796
4799
4802
4808
4809
4814
4817
4818
4819
4820
4822
4828
4829
4831
4832
4835
4839
4840
4845
4847
4851
4854
4856
4857
4859
4861
4862
4863
4864
4865
4870
4873
4874
4875
4879
4883
4884
4887
4891
4894
4900
4901
4907
4908
4910
4911
4916
4918
4921
4922
4927
4930
4931
4933
4934
4936
4946
4948
4955
4958
4960
4964
4965
4970
4974
4979
4980
4982
4983
4984
4985
4987
4991
4997
5000
5001
5005
5006
5008
5009
5014
5015
5018
5020
5022
5024
5025
5028
5033
5043
5045
5051
5052
5061
5070
5074
5076
5077
5083
5087
5090
5091
5092
5093
5097
5099
5102
5106
5108
5109
5110
5113
5114
5116
5117
5119
5120
5121
5123
5126
5129
5136
5141
5142
5146
5147
5151
5153
5154
5156
5164
5166
5169
5171
5173
5186
5187
5189
5192
5194
5195
5197
5198
5200
5203
5211
5212
5214
5217
5218
5219
5220
5223
5226
5227
5241
5244
5247
5248
5251
5253
5257
5258
5262
5263
5267
5273
5274
5276
5277
5282
5284
5285
5287
5288
5289
5290
5292
5295
5296
5297
5298
5301
5302
5304
5311
5312
5314
5315
5316
5319
5320
5329
5330
5333
5336
5343
5348
5355
5358
5360
5361
5366
5368
5371
5372
5373
5379
5380
5383
5387
5388
5389
5390
5394
5399
5400
5401
5402
5404
5405
5408
5411
5413
5414
5420
5421
5424
5426
5428
5429
5430
5435
5436
5438
5439
5444
5447
5449
5450
5451
5452
5454
5458
5465
5466
5469
5470
5471
5475
5476
5477
5478
5486
5488
5489
5495
5501
5504
5507
5508
5509
5510
5511
5512
5515
5516
5521
5522
5524
5526
5528
5530
5532
5533
5535
5536
5539
5545
5547
5555
5556
5557
5558
5560
5562
5563
5565
5566
5568
5569
5570
5571
5574
5579
5581
5583
5586
5588
5590
5595
5598
5599
5600
5610
5611
5612
5614
5615
5617
5620
5621
5622
5623
5625
5627
5631
5635
5637
5638
5639
5641
5645
5646
5649
5651
5652
5656
5660
5661
5662
5666
5667
5668
5669
5670
5678
5689
5694
5695
5696
5699
5700
5705
5710
5712
5713
5714
5717
5725
5727
5729
5734
5739
5742
5744
5745
5748
5749
5751
5758
5759
5760
5763
5773
5775
5776
5777
5780
5785
5790
5792
5793
5796
5797
5798
5803
5804
5806
5807
5809
5810
5812
5814
5819
5821
5824
5837
5840
5841
5842
5843
5844
5848
5851
5852
5854
5856
5857
5859
5863
5864
5865
5866
5867
5868
5869
5870
5872
5879
5882
5885
5886
5888
5891
5892
5894
5896
5902
5909
5915
5916
5919
5923
5927
5930
5932
5934
5935
5936
5938
5939
5945
5946
5949
5958
5960
5969
5978
5980
5983
5985
5986
5989
5990
5992
5994
5995
5998
6001
6002
6004
6009
6010
6014
6017
6023
6028
6029
6030
6033
6036
6037
6039
6041
6042
6046
6047
6048
6049
6051
6052
6056
6060
6062
6063
6065
6070
6071
6073
6074
6078
6079
6080
6081
6082
6091
6093
6095
6103
6104
6108
6109
6110
6111
6115
6116
6117
6121
6125
6128
6130
6131
6133
6134
6141
6144
6148
6152
6153
6156
6158
6163
6164
6169
6177
6179
6181
6182
6185
6188
6189
6190
6193
6195
6202
6204
6206
6209
6213
6216
6219
6226
6228
6235
6238
6240
6243
6249
6250
6255
6263
6270
6271
6274
6275
6276
6277
6280
6283
6284
6286
6289
6291
6293
6296
6297
6302
6307
6308
6309
6310
6323
6324
6332
6333
6334
6335
6336
6339
6342
6347
6351
6353
6354
6360
6366
6367
6370
6372
6373
6378
6379
6381
6383
6384
6386
6387
6388
6395
6398
6403
6407
6411
6414
6416
6419
6421
6422
6425
6426
6432
6434
6437
6438
6440
6441
6442
6444
6445
6455
6465
6468
6475
6480
6482
6483
6485
6491
6493
6494
6497
6498
6499
6501
6503
6504
6505
6506
6507
6512
6520
6521
6525
6532
6533
6534
6539
6541
6542
6543
6548
6551
6554
6556
6560
6561
6562
6563
6564
6565
6566
6568
6571
6573
6574
6579
6581
6589
6595
6600
6602
6603
6607
6608
6609
6610
6612
6615
6616
6619
6620
6622
6623
6626
6627
6628
6630
6633
6634
6635
6640
6641
6651
6652
6653
6660
6662
6663
6667
6668
6671
6674
6678
6682
6686
6688
6691
6693
6697
6704
6706
6711
6715
6716
6718
6721
6723
6726
6730
6734
6739
6740
6742
6745
6746
6749
6750
6752
6753
6754
6761
6765
6767
6773
6784
6785
6786
6788
6791
6793
6795
6798
6799
6802
6805
6807
6811
6813
6821
6824
6827
6828
6832
6835
6836
6838
6839
6840
6842
6843
6848
6851
6852
6858
6860
6862
6863
6865
6866
6867
6870
6871
6879
6881
6885
6887
6888
6892
6895
6896
6898
6900
6901
6905
6906
6908
6915
6917
6918
6920
6924
6926
6929
6930
6934
6936
6938
6940
6941
6943
6944
6945
6952
6954
6957
6966
6970
6973
6976
6981
6983
6985
6989
6990
6991
6998
6999
7001
7008
7010
7016
7017
7018
7021
7025
7029
7031
7037
7038
7043
7044
7045
7046
7048
7051
7052
7056
7057
7065
7072
7073
7075
7082
7086
7087
7088
7091
7092
7093
7099
7104
7116
7119
7120
7121
7125
7128
7129
7133
7134
7135
7137
7138
7141
7142
7147
7149
7150
7151
7152
7153
7154
7158
7160
7161
7162
7164
7171
7175
7181
7183
7187
7189
7192
7201
7204
7205
7208
7211
7213
7214
7215
7222
7223
7224
7225
7227
7228
7229
7232
7237
7241
7244
7248
7251
7254
7257
7259
7266
7275
7279
7280
7281
7285
7288
7294
7295
7297
7299
7304
7312
7313
7318
7319
7322
7323
7327
7329
7332
7335
7337
7339
7340
7342
7346
7348
7350
7351
7356
7358
7359
7370
7372
7373
7376
7380
7381
7385
7386
7387
7388
7393
7396
7401
7402
7404
7406
7411
7413
7415
7418
7419
7422
7430
7432
7433
7435
7436
7439
7440
7447
7450
7456
7458
7459
7463
7465
7470
7480
7484
7486
7487
7491
7492
7494
7495
7497
7499
7501
7505
7511
7512
7513
7520
7521
7522
7526
7530
7531
7540
7543
7546
7549
7552
7555
7556
7557
7563
7565
7568
7570
7574
7575
7576
7578
7583
7584
7587
7588
7589
7592
7599
7600
7601
7602
7603
7604
7607
7608
7610
7611
7613
7616
7617
7618
7621
7629
7631
7633
7637
7642
7651
7653
7654
7657
7661
7664
7665
7666
7668
7669
7670
7674
7675
7676
7678
7679
7682
7688
7693
7694
7702
7703
7705
7710
7718
7721
7723
7724
7726
7727
7728
7729
7731
7732
7733
7738
7740
7746
7750
7752
7754
7758
7761
7762
7763
7765
7769
7771
7772
7777
7780
7781
7784
7786
7787
7789
7792
7803
7804
7807
7808
7812
7813
7814
7815
7826
7827
7828
7831
7833
7834
7835
7839
7841
7842
7845
7846
7851
7853
7855
7857
7858
7860
7862
7867
7870
7881
7882
7885
7889
7894
7898
7900
7905
7908
7909
7910
7911
7915
7922
7925
7926
7929
7933
7937
7938
7942
7947
7950
7953
7956
7960
7964
7971
7972
7973
7976
7977
7978
7979
7993
7994
7996
7999
8000
8001
8004
8006
8009
8013
8017
8019
8022
8023
8025
8030
8031
8037
8040
8043
8050
8052
8054
8057
8058
8060
8063
8064
8065
8071
8072
8073
8076
8077
8084
8091
8092
8095
8097
8102
8104
8107
8108
8111
8112
8115
8117
8125
8126
8129
8130
8131
8136
8138
8141
8142
8147
8149
8155
8156
8157
8164
8166
8169
8170
8172
8173
8174
8178
8180
8184
8185
8187
8201
8207
8214
8217
8218
8220
8221
8222
8227
8229
8237
8240
8242
8246
8248
8254
8256
8265
8266
8268
8272
8273
8274
8280
8283
8293
8296
8298
8299
8300
8301
8302
8304
8305
8308
8311
8312
8313
8317
8318
8319
8321
8323
8328
8330
8331
8332
8335
8336
8342
8343
8346
8347
8348
8349
8350
8354
8356
8360
8362
8364
8367
8370
8372
8373
8376
8377
8380
8381
8385
8391
8394
8395
8396
8397
8398
8403
8404
8405
8406
8407
8408
8409
8411
8413
8419
8423
8427
8430
8433
8434
8436
8440
8441
8444
8446
8452
8454
8456
8457
8461
8462
8463
8466
8469
8475
8476
8478
8483
8484
8486
8487
8488
8490
8500
8501
8508
8510
8511
8514
8515
8516
8518
8519
8522
8523
8525
8532
8539
8544
8548
8551
8559
8563
8564
8566
8567
8569
8571
8574
8575
8578
8581
8583
8585
8586
8592
8593
8594
8599
8601
8602
8605
8607
8608
8610
8615
8616
8617
8618
8620
8621
8623
8624
8629
8630
8632
8634
8638
8640
8641
8642
8645
8653
8658
8666
8667
8668
8669
8670
8675
8679
8682
8683
8684
8685
8687
8690
8693
8695
8696
8699
8701
8703
8709
8710
8715
8716
8721
8722
8729
8735
8736
8738
8740
8741
8743
8744
8746
8753
8756
8759
8760
8763
8765
8768
8769
8771
8773
8775
8776
8777
8780
8785
8787
8788
8790
8791
8792
8795
8797
8800
8801
8804
8806
8811
8812
8814
8815
8817
8819
8823
8833
8834
8835
8836
8837
8840
8841
8843
8845
8849
8850
8855
8856
8857
8859
8860
8861
8863
8865
8868
8869
8871
8874
8878
8879
8883
8884
8885
8886
8887
8890
8891
8894
8897
8898
8900
8902
8903
8908
8909
8918
8922
8923
8928
8930
8938
8939
8948
8951
8952
8954
8955
8961
8966
8972
8974
8976
8977
8980
8982
8983
8985
8987
8988
8993
8994
8998
9000
9001
9003
9004
9005
9010
9012
9016
9018
9019
9023
9030
9031
9036
9040
9041
9043
9044
9045
9047
9049
9051
9052
9054
9057
9059
9064
9065
9070
9073
9075
9076
9078
9080
9081
9084
9086
9101
9103
9107
9108
9110
9116
9124
9127
9129
9131
9133
9134
9136
9137
9139
9142
9143
9155
9156
9158
9163
9165
9167
9169
9176
9177
9178
9183
9186
9189
9195
9198
9199
9206
9208
9209
9211
9212
9213
9215
9219
9225
9226
9228
9231
9232
9233
9235
9241
9245
9250
9251
9253
9261
9262
9268
9269
9271
9272
9273
9277
9278
9282
9284
9285
9286
9287
9288
9292
9295
9301
9303
9307
9311
9315
9318
9320
9321
9322
9323
9324
9326
9327
9328
9329
9330
9334
9336
9340
9342
9343
9344
9350
9355
9357
9358
9359
9361
9363
9364
9365
9367
9370
9373
9374
9376
9378
9379
9381
9382
9383
9388
9389
9391
9393
9405
9408
9409
9410
9411
9415
9421
9422
9426
9429
9430
9432
9436
9437
9441
9442
9452
9458
9464
9467
9468
9470
9472
9474
9476
9477
9478
9482
9483
9484
9492
9493
9500
9501
9502
9503
9506
9509
9513
9515
9519
9520
9521
9525
9526
9533
9535
9541
9550
9552
9562
9564
9565
9566
9568
9571
9576
9577
9580
9589
9593
9596
9598
9610
9617
9620
9621
9624
9627
9629
9636
9639
9644
9647
9648
9653
9659
9669
9673
9674
9676
9677
9680
9681
9682
9683
9690
9694
9696
9701
9710
9711
9714
9718
9719
9720
9723
9728
9733
9734
9736
9741
9743
9744
9745
9746
9748
9749
9750
9751
9753
9757
9760
9761
9764
9767
9770
9775
9781
9783
9784
9785
9790
9793
9801
9802
9806
9808
9815
9821
9830
9832
9833
9836
9838
9844
9845
9851
9852
9856
9859
9861
9863
9868
9870
9873
9875
9877
9879
9880
9884
9887
9890
9895
9897
9899
9902
9905
9908
9910
9911
9912
9915
9916
9921
9922
9924
9925
9926
9932
9933
9934
9936
9937
9938
9939
9940
9942
9952
9954
9955
9960
9962
9965
9967
9968
9971
9973
9975
9979
9980
9981
9982
9983
9986
9987
9988
9989
9991
9993
9996
9997
9998
10002
10004
10005
10006
10012
10013
10020
10021
10024
10027
10028
10029
10031
10032
10033
10039
10040
10042
10043
10047
10048
10056
10058
10061
10064
10067
10068
10071
10072
10075
10077
10078
10079
10080
10084
10086
10090
10091
10092
10095
10098
10100
10103
10109
10110
10111
10113
10114
10115
10116
10117
10118
10119
10120
10121
10124
10125
10126
10134
10136
10141
10143
10144
10146
10149
10152
10153
10155
10157
10158
10159
10163
10168
10172
10175
10176
10177
10181
10183
10184
10185
10189
10197
10203
10208
10210
10214
10215
10224
10227
10228
10230
10231
10232
10234
10236
10237
10241
10245
10250
10252
10253
10254
10259
10260
10265
10271
10272
10274
10277
10280
10281
10282
10287
10292
10295
10296
10301
10304
10306
10308
10309
10312
10321
10325
10329
10334
10335
10336
10339
10341
10342
10344
10345
10346
10347
10348
10350
10351
10353
10355
10361
10364
10365
10367
10368
10371
10372
10374
10377
10378
10381
10382
10383
10387
10390
10391
10393
10394
10399
10400
10401
10402
10405
10413
10417
10418
10419
10420
10424
10426
10437
10438
10439
10440
10442
10444
10446
10451
10452
10453
10454
10455
10456
10458
10459
10460
10461
10462
10464
10465
10474
10475
10477
10478
10481
10487
10492
10494
10495
10496
10497
10498
10500
10503
10506
10507
10511
10514
10518
10521
10526
10528
10530
10534
10537
10538
10540
10541
10543
10544
10545
10550
10551
10552
10554
10555
10560
10562
10568
10571
10572
10584
10585
10588
10589
10591
10593
10596
10602
10603
10604
10606
10607
10611
10619
10626
10628
10633
10634
10638
10647
10648
10649
10651
10654
10656
10664
10667
10670
10671
10673
10675
10677
10682
10685
10687
10690
10693
10695
10699
10700
10702
10703
10704
10706
10707
10710
10714
10721
10722
10723
10724
10727
10732
10735
10738
10740
10748
10749
10756
10763
10766
10767
10768
10771
10773
10777
10780
10782
10785
10786
10790
10793
10795
10797
10800
10803
10804
10806
10807
10811
10813
10817
10818
10820
10821
10824
10825
10829
10831
10833
10837
10838
10845
10848
10850
10854
10855
10856
10859
10862
10864
10868
10870
10873
10874
10880
10883
10884
10885
10887
10889
10890
10893
10894
10898
10904
10905
10907
10908
10909
10910
10913
10915
10916
10917
10920
10922
10925
10926
10928
10929
10930
10935
10936
10946
10950
10951
10953
10956
10957
10958
10960
10962
10963
10964
10970
10973
10974
10975
10976
10983
10985
10986
10987
10994
10995
10996
11000
11001
11002
11004
11006
11008
11009
11011
11012
11015
11020
11026
11027
11031
11033
11034
11036
11037
11038
11039
11042
11043
11044
11045
11048
11050
11051
11056
11060
11062
11063
11066
11067
11068
11072
11073
11079
11080
11083
11085
11086
11090
11092
11093
11096
11097
11100
11102
11104
11108
11113
11115
11116
11120
11121
11122
11123
11127
11130
11131
11133
11142
11143
11149
11151
11155
11159
11160
11162
11164
11168
11172
11173
11174
11176
11178
11179
11183
11184
11185
11190
11191
11194
11195
11196
11197
11202
11204
11205
11212
11215
11218
11221
11225
11227
11229
11230
11231
11234
11236
11239
11240
11242
11243
11247
11250
11256
11257
11262
11270
11272
11278
11286
11290
11292
11293
11294
11295
11296
11298
11301
11303
11304
11306
11307
11310
11314
11315
11318
11325
11334
11337
11338
11342
11346
11347
11349
11350
11351
11353
11358
11359
11360
11361
11367
11368
11369
11371
11372
11373
11377
11381
11383
11385
11386
11394
11395
11396
11398
11400
11401
11402
11403
11405
11407
11415
11417
11420
11421
11423
11433
11441
11443
11451
11456
11458
11459
11461
11463
11464
11467
11470
11473
11480
11482
11483
11484
11485
11486
11488
11489
11493
11495
11499
11500
11503
11505
11506
11509
11511
11516
11518
11520
11524
11526
11529
11530
11532
11537
11540
11543
11547
11549
11550
11552
11553
11554
11555
11558
11559
11562
11564
11567
11568
11570
11571
11573
11575
11580
11587
11589
11590
11593
11594
11596
11599
11601
11605
11608
11610
11615
11616
11623
11627
11632
11636
11641
11643
11644
11645
11647
11651
11654
11657
11658
11659
11660
11661
11662
11664
11667
11671
11675
11676
11678
11682
11683
11685
11686
11688
11689
11691
11696
11698
11701
11705
11706
11712
11716
11717
11718
11719
11720
11726
11729
11730
11740
11741
11743
11744
11747
11748
11752
11757
11758
11762
11763
11764
11767
11769
11771
11773
11775
11780
11781
11783
11786
11787
11788
11789
11791
11794
11795
11800
11804
11805
11815
11817
11820
11825
11829
11832
11833
11836
11838
11841
11844
11846
11848
11850
11852
11853
11854
11857
11860
11863
11868
11871
11872
11873
11880
11881
11889
11894
11895
11896
11902
11904
11911
11912
11918
11921
11924
11925
11926
11929
11930
11932
11934
11938
11939
11941
11943
11945
11946
11950
11954
11956
11957
11959
11961
11962
11963
11964
11965
11969
11970
11973
11975
11977
11978
11981
11982
11987
11991
11993
11996
11997
11998
12000
12003
12007
12009
12011
12014
12015
12016
12020
12021
12024
12032
12033
12035
12037
12038
12039
12040
12043
12047
12049
12050
12051
12052
12054
12055
12058
12060
12062
12064
12068
12076
12077
12086
12087
12089
12093
12095
12099
12102
12104
12105
12110
12111
12112
12113
12114
12115
12118
12119
12122
12126
12128
12134
12137
12139
12140
12141
12144
12146
12147
12149
12150
12153
12154
12156
12157
12161
12165
12166
12168
12170
12171
12173
12176
12178
12179
12181
12183
12186
12187
12188
12191
12192
12193
12201
12206
12208
12214
12219
12221
12223
12224
12226
12227
12228
12229
12232
12239
12243
12244
12246
12247
12249
12251
12254
12255
12257
12263
12264
12265
12271
12272
12278
12280
12281
12282
12287
12288
12290
12298
12304
12308
12313
12314
12315
12320
12323
12324
12325
12327
12331
12334
12339
12344
12345
12346
12349
12350
12354
12356
12362
12367
12368
12371
12374
12375
12376
12377
12383
12385
12387
12390
12395
12397
12402
12411
12414
12416
12418
12419
12421
12423
12424
12426
12433
12435
12449
12452
12457
12458
12460
12461
12462
12472
12473
12476
12480
12490
12491
12493
12497
12504
12508
12509
12512
12513
12514
12515
12516
12520
12521
12523
12524
12526
12530
12532
12533
12534
12535
12536
12540
12542
12545
12546
12547
12548
12551
12555
12557
12565
12566
12572
12580
12582
12583
12586
12588
12589
12591
12592
12593
12594
12598
12599
12602
12604
12611
12612
12616
12621
12625
12626
12628
12629
12631
12632
12637
12640
12642
12643
12644
12645
12647
12649
12654
12655
12656
12658
12659
12666
12670
12672
12674
12675
12676
12677
12680
12686
12688
12689
12694
12697
12699
12700
12705
12707
12708
12711
12713
12717
12723
12725
12728
12729
12731
12733
12734
12739
12743
12744
12750
12752
12753
12754
12756
12759
12761
12767
12769
12770
12773
12775
12776
12780
12783
12785
12792
12793
12795
12796
12797
12799
12802
12808
12809
12811
12812
12813
12815
12816
12817
12822
12834
12835
12839
12840
12847
12852
12855
12856
12857
12860
12863
12864
12869
12872
12875
12877
12879
12882
12887
12888
12889
12890
12895
12899
12902
12906
12907
12911
12915
12919
12922
12924
12925
12926
12927
12929
12932
12933
12934
12937
12943
12944
12949
12951
12953
12956
12957
12961
12963
12966
12967
12969
12971
12976
12980
12981
12982
12984
12987
12990
12991
12992
12993
12994
12996
12997
13004
13005
13006
13010
13011
13012
13016
13018
13019
13025
13027
13031
13033
13034
13035
13036
13037
13040
13041
13042
13043
13046
13047
13053
13054
13064
13066
13068
13069
13072
13073
13074
13075
13077
13080
13082
13083
13087
13089
13090
13092
13093
13095
13096
13102
13105
13109
13112
13115
13116
13117
13118
13120
13121
13122
13126
13135
13137
13138
13146
13147
13148
13149
13151
13156
13157
13160
13161
13162
13163
13167
13171
13172
13174
13180
13193
13195
13196
13202
13206
13207
13211
13213
13214
13215
13216
13217
13219
13220
13221
13227
13233
13234
13235
13236
13237
13243
13246
13250
13251
13257
13259
13264
13265
13269
13271
13273
13276
13287
13290
13292
13293
13297
13299
13301
13302
13304
13305
13309
13310
13315
13317
13319
13322
13328
13342
13344
13347
13349
13352
13353
13356
13357
13363
13364
13367
13375
13377
13381
13382
13385
13388
13389
13390
13391
13395
13398
13399
13404
13407
13411
13415
13419
13424
13427
13428
13431
13436
13437
13438
13443
13446
13454
13455
13456
13460
13461
13467
13472
13474
13481
13482
13486
13490
13493
13494
13503
13508
13510
13511
13514
13515
13516
13524
13525
13530
13535
13536
13537
13540
13545
13546
13547
13548
13550
13556
13558
13563
13565
13574
13579
13580
13591
13593
13595
13597
13599
13600
13602
13603
13604
13605
13607
13608
13609
13613
13617
13618
13619
13622
13623
13627
13628
13629
13630
13631
13634
13635
13636
13639
13642
13645
13651
13652
13653
13654
13655
13659
13660
13661
13664
13668
13669
13671
13673
13679
13682
13684
13687
13691
13694
13697
13698
13700
13707
13712
13717
13718
13719
13720
13721
13726
13729
13730
13731
13733
13734
13744
13751
13752
13753
13754
13755
13756
13758
13759
13761
13767
13770
13772
13774
13779
13780
13781
13785
13787
13789
13790
13793
13795
13801
13802
13810
13812
13814
13816
13819
13821
13822
13823
13824
13825
13826
13830
13834
13837
13844
13845
13847
13849
13850
13851
13853
13862
13863
13864
13865
13866
13867
13868
13871
13873
13875
13878
13887
13888
13891
13892
13893
13895
13896
13899
13900
13901
13902
13904
13905
13911
13913
13918
13926
13928
13929
13936
13938
13939
13942
13951
13954
13955
13956
13958
13959
13963
13965
13967
13972
13974
13977
13979
13980
13981
13990
13994
13999
14000
14001
14002
14004
14007
14008
14013
14015
14016
14019
14023
14026
14029
14036
14037
14038
14039
14041
14043
14046
14048
14049
14050
14059
14063
14065
14068
14069
14070
14079
14080
14082
14088
14090
14091
14092
14093
14103
14104
14105
14111
14115
14119
14121
14127
14128
14130
14131
14137
14138
14139
14149
14150
14160
14161
14163
14168
14169
14171
14172
14173
14176
14178
14179
14180
14187
14195
14198
14201
14204
14205
14208
14209
14210
14212
14214
14218
14219
14221
14223
14224
14226
14227
14238
14239
14243
14244
14246
14249
14251
14260
14262
14265
14266
14272
14277
14279
14281
14282
14284
14286
14287
14296
14297
14298
14299
14300
14305
14308
14310
14311
14316
14320
14321
14329
14330
14332
14335
14338
14339
14340
14347
14348
14351
14353
14357
14362
14363
14366
14367
14369
14377
14379
14380
14384
14386
14387
14390
14392
14396
14399
14400
14403
14404
14407
14417
14419
14421
14422
14429
14432
14433
14434
14435
14439
14440
14442
14448
14449
14451
14453
14455
14457
14458
14459
14460
14468
14471
14472
14473
14475
14476
14479
14481
14482
14485
14486
14487
14488
14490
14491
14498
14502
14505
14511
14513
14516
14519
14523
14525
14531
14536
14538
14539
14540
14543
14545
14552
14555
14563
14564
14565
14569
14572
14574
14576
14577
14578
14583
14585
14587
14590
14592
14602
14604
14608
14612
14614
14616
14618
14619
14621
14627
14628
14629
14630
14635
14637
14639
14644
14646
14650
14655
14665
14670
14674
14679
14682
14683
14684
14686
14691
14700
14703
14706
14711
14713
14714
14720
14721
14727
14728
14730
14735
14736
14737
14738
14740
14743
14745
14746
14755
14756
14764
14767
14769
14770
14771
14772
14773
14774
14775
14778
14780
14784
14785
14786
14790
14792
14794
14797
14798
14801
14802
14804
14806
14807
14814
14817
14819
14821
14824
14825
14826
14832
14834
14838
14839
14840
14842
14844
14846
14851
14852
14854
14856
14870
14872
14884
14886
14895
14896
14898
14899
14901
14902
14903
14904
14906
14912
14913
14916
14920
14921
14924
14930
14936
14938
14940
14941
14946
14947
14949
14950
14951
14956
14957
14958
14959
14961
14964
14966
14970
14974
14979
14980
14983
14985
14988
14990
14994
14996
15000
15001
15005
15012
15013
15014
15016
15018
15024
15031
15034
15040
15042
15043
15045
15047
15049
15051
15052
15054
15055
15059
15061
15062
15070
15073
15079
15080
15083
15087
15093
15096
15098
15100
15102
15104
15105
15106
15107
15110
15111
15113
15115
15116
15117
15119
15120
15121
15138
15150
15151
15153
15158
15163
15165
15166
15168
15169
15170
15174
15181
15189
15190
15191
15194
15198
15199
15200
15201
15202
15203
15204
15206
15207
15208
15209
15211
15212
15215
15216
15222
15224
15225
15226
15231
15236
15238
15241
15244
15250
15252
15254
15255
15259
15263
15267
15268
15270
15271
15274
15282
15284
15285
15286
15287
15291
15295
15297
15302
15304
15311
15314
15315
15316
15317
15318
15326
15328
15331
15333
15334
15337
15339
15340
15344
15347
15349
15350
15354
15356
15359
15360
15368
15373
15376
15377
15379
15382
15384
15385
15386
15388
15389
15392
15393
15394
15397
15399
15400
15402
15404
15409
15410
15413
15417
15421
15422
15426
15427
15429
15430
15433
15435
15437
15439
15440
15444
15445
15449
15452
15454
15463
15465
15475
15476
15485
15486
15487
15491
15493
15495
15498
15500
15502
15505
15507
15511
15518
15522
15529
15530
15532
15536
15539
15541
15543
15546
15550
15551
15554
15555
15556
15557
15559
15562
15564
15565
15574
15578
15581
15584
15586
15588
15590
15593
15596
15597
15598
15600
15603
15604
15611
15612
15613
15614
15615
15617
15619
15624
15625
15632
15633
15636
15641
15642
15643
15648
15651
15652
15653
15654
15655
15656
15657
15659
15661
15666
15668
15683
15688
15693
15694
15695
15697
15700
15701
15702
15703
15705
15707
15708
15711
15712
15717
15720
15721
15722
15725
15726
15730
15733
15737
15739
15740
15742
15743
15744
15746
15749
15750
15752
15756
15759
15760
15762
15763
15769
15779
15780
15781
15786
15793
15798
15802
15805
15809
15811
15816
15819
15822
15826
15829
15836
15837
15838
15845
15853
15856
15858
15859
15863
15872
15873
15875
15876
15878
15879
15882
15889
15890
15894
15895
15896
15898
15900
15902
15905
15906
15908
15913
15914
15915
15916
15920
15921
15926
15929
15931
15932
15933
15935
15939
15942
15945
15946
15947
15948
15950
15951
15953
15958
15962
15963
15970
15971
15973
15974
15975
15977
15978
15981
15982
15984
15986
15988
16000
16005
16006
16007
16010
16011
16012
16013
16016
16019
16020
16021
16022
16024
16032
16036
16037
16039
16041
16049
16054
16055
16060
16062
16063
16064
16065
16066
16068
16070
16071
16076
16077
16082
16083
16084
16085
16086
16089
16096
16098
16099
16101
16102
16105
16106
16108
16109
16113
16118
16125
16129
16131
16135
16137
16144
16146
16150
16154
16156
16163
16165
16166
16172
16175
16177
16178
16183
16184
16193
16196
16197
16199
16211
16214
16217
16218
16221
16226
16229
16230
16232
16238
16241
16244
16245
16246
16251
16253
16254
16256
16257
16258
16259
16262
16265
16267
16274
16277
16286
16287
16288
16291
16292
16293
16295
16303
16304
16306
16308
16309
16313
16315
16319
16320
16321
16323
16325
16326
16330
16331
16339
16342
16347
16349
16357
16362
16364
16365
16371
16372
16373
16376
16378
16379
16383
16385
16387
16391
16393
16397
16398
16401
16403
16405
16408
16409
16410
16416
16417
16418
16419
16422
16423
16429
16432
16433
16434
16435
16438
16441
16442
16450
16454
16456
16460
16467
16474
16477
16479
16483
16484
16485
16487
16488
16492
16494
16496
16500
16503
16505
16506
16511
16513
16515
16519
16521
16533
16544
16550
16556
16559
16565
16566
16576
16579
16586
16590
16592
16593
16594
16597
16601
16602
16604
16608
16610
16611
16614
16616
16626
16628
16630
16631
16632
16635
16638
16639
16641
16646
16652
16653
16654
16658
16662
16663
16664
16668
16673
16675
16676
16677
16678
16680
16686
16687
16690
16692
16694
16695
16697
16699
16704
16705
16710
16715
16718
16720
16721
16724
16726
16728
16730
16731
16732
16736
16737
16738
16739
16742
16747
16749
16751
16755
16756
16757
16760
16762
16763
16764
16765
16767
16769
16773
16778
16779
16781
16783
16784
16791
16794
16797
16802
16805
16806
16809
16811
16813
16816
16820
16821
16829
16831
16837
16840
16841
16847
16848
16851
16852
16853
16854
16855
16856
16857
16861
16862
16863
16864
16865
16866
16867
16873
16876
16880
16881
16884
16889
16895
16901
16903
16907
16910
16912
16916
16917
16918
16919
16920
16921
16922
16923
16926
16927
16928
16930
16932
16939
16940
16942
16947
16948
16950
16952
16953
16957
16960
16962
16963
16969
16970
16971
16972
16977
16985
16991
17000
17003
17008
17011
17023
17028
17029
17030
17031
17032
17035
17042
17052
17053
17055
17058
17062
17066
17068
17069
17073
17082
17084
17086
17089
17091
17092
17096
17099
17107
17112
17127
17128
17129
17134
17135
17139
17145
17151
17156
17157
17159
17163
17166
17168
17169
17174
17181
17187
17190
17192
17196
17200
17204
17205
17209
17210
17211
17217
17224
17227
17237
17239
17241
17246
17251
17252
17254
17259
17260
17261
17264
17267
17271
17277
17282
17286
17289
17299
17302
17303
17305
17308
17309
17310
17311
17313
17317
17320
17321
17323
17329
17331
17334
17337
17339
17346
17347
17349
17351
17352
17355
17356
17359
17362
17371
17374
17376
17379
17381
17382
17387
17388
17389
17390
17393
17394
17399
17404
17409
17413
17414
17415
17419
17422
17423
17425
17426
17430
17431
17432
17437
17440
17443
17447
17453
17455
17456
17461
17464
17465
17467
17468
17471
17475
17477
17479
17481
17483
17486
17487
17490
17494
17495
17496
17499
17503
17506
17512
17513
17514
17517
17518
17520
17525
17527
17536
17537
17541
17542
17543
17547
17552
17553
17555
17556
17557
17562
17568
17570
17574
17576
17577
17581
17582
17584
17588
17589
17590
17591
17593
17595
17599
17602
17610
17612
17613
17616
17621
17633
17636
17640
17642
17645
17646
17648
17650
17654
17656
17658
17662
17664
17666
17667
17668
17672
17673
17676
17677
17678
17679
17682
17684
17685
17686
17687
17688
17690
17691
17693
17694
17695
17701
17704
17705
17706
17709
17711
17713
17719
17721
17727
17732
17733
17735
17737
17743
17747
17748
17749
17752
17754
17755
17756
17757
17758
17762
17764
17765
17766
17767
17769
17770
17772
17773
17776
17777
17784
17785
17789
17795
17797
17798
17799
17801
17803
17809
17811
17813
17814
17816
17821
17829
17830
17833
17834
17836
17837
17843
17845
17846
17848
17850
17852
17856
17857
17858
17866
17871
17877
17882
17888
17889
17890
17891
17894
17896
17900
17902
17904
17907
17911
17913
17923
17929
17932
17933
17934
17937
17938
17941
17944
17949
17952
17954
17955
17958
17960
17961
17962
17965
17966
17967
17968
17974
17980
17983
17985
17990
17994
17997
17999
18002
18006
18007
18009
18012
18013
18014
18015
18017
18018
18021
18026
18031
18033
18034
18037
18041
18042
18044
18045
18046
18051
18056
18057
18058
18064
18066
18071
18076
18079
18082
18085
18086
18092
18096
18098
18111
18114
18116
18117
18119
18120
18127
18128
18129
18130
18131
18133
18135
18137
18139
18143
18152
18154
18156
18158
18159
18160
18161
18162
18163
18165
18180
18181
18185
18187
18191
18192
18193
18197
18200
18201
18204
18214
18215
18216
18217
18219
18224
18234
18236
18237
18238
18239
18240
18244
18254
18256
18257
18258
18259
18261
18265
18266
18272
18277
18283
18285
18286
18287
18288
18289
18293
18295
18299
18303
18304
18307
18308
18310
18314
18315
18316
18317
18320
18322
18323
18324
18327
18332
18333
18337
18338
18340
18343
18346
18351
18352
18358
18363
18364
18371
18377
18378
18379
18386
18387
18388
18390
18392
18396
18400
18402
18405
18406
18408
18414
18416
18420
18422
18424
18425
18426
18430
18431
18437
18438
18444
18447
18449
18450
18453
18455
18462
18464
18465
18466
18468
18476
18478
18481
18488
18491
18495
18498
18501
18502
18503
18508
18510
18512
18515
18517
18520
18522
18525
18528
18529
18530
18531
18533
18534
18536
18537
18539
18542
18544
18545
18547
18548
18549
18551
18558
18563
18566
18567
18568
18572
18576
18577
18578
18580
18582
18584
18585
18586
18587
18588
18589
18593
18595
18598
18601
18603
18605
18606
18607
18610
18611
18612
18613
18616
18617
18618
18619
18621
18627
18629
18630
18631
18635
18645
18646
18648
18649
18651
18660
18661
18662
18665
18672
18675
18677
18683
18700
18701
18705
18706
18710
18713
18716
18718
18720
18723
18727
18728
18730
18731
18739
18741
18743
18745
18746
18747
18748
18752
18760
18766
18768
18776
18777
18779
18783
18785
18786
18788
18791
18794
18795
18796
18798
18801
18802
18803
18805
18807
18809
18811
18812
18813
18815
18817
18819
18820
18827
18828
18832
18838
18840
18841
18842
18843
18844
18850
18851
18853
18861
18866
18867
18871
18872
18874
18876
18877
18879
18882
18883
18888
18889
18891
18893
18894
18895
18897
18899
18901
18906
18912
18913
18917
18919
18922
18926
18927
18932
18935
18937
18943
18945
18949
18953
18957
18967
18972
18975
18982
18983
18984
18986
18991
18994
19001
19002
19005
19006
19012
19013
19014
19017
19020
19023
19027
19030
19031
19032
19035
19038
19040
19041
19046
19052
19054
19055
19056
19057
19058
19059
19063
19064
19068
19069
19072
19073
19075
19076
19079
19080
19082
19085
19087
19089
19091
19092
19094
19095
19098
19099
19101
19102
19103
19107
19109
19111
19112
19120
19122
19125
19126
19130
19138
19141
19143
19145
19146
19150
19152
19160
19165
19167
19169
19175
19176
19179
19182
19183
19189
19190
19193
19195
19203
19205
19206
19211
19213
19215
19222
19225
19227
19228
19229
19232
19233
19234
19235
19236
19237
19238
19249
19251
19254
19262
19264
19266
19267
19271
19274
19278
19279
19283
19285
19286
19289
19292
19295
19300
19309
19311
19314
19317
19319
19320
19321
19328
19329
19330
19333
19336
19338
19341
19344
19346
19347
19349
19350
19352
19353
19355
19363
19367
19368
19369
19374
19375
19377
19378
19382
19385
19388
19391
19395
19396
19407
19409
19411
19413
19414
19416
19419
19420
19421
19424
19426
19428
19430
19433
19435
19441
19444
19451
19459
19462
19468
19469
19477
19480
19483
19489
19490
19493
19497
19502
19507
19508
19509
19510
19511
19518
19520
19523
19525
19527
19529
19530
19532
19533
19534
19540
19543
19550
19551
19552
19559
19560
19562
19563
19565
19569
19577
19579
19585
19587
19594
19596
19597
19599
19601
19603
19607
19613
19614
19615
19623
19626
19627
19632
19638
19639
19640
19642
19644
19647
19648
19655
19657
19660
19665
19667
19668
19669
19670
19674
19675
19678
19680
19682
19688
19689
19691
19698
19701
19703
19706
19711
19725
19727
19728
19730
19735
19736
19737
19742
19743
19744
19746
19750
19751
19752
19754
19756
19760
19766
19769
19770
19775
19781
19782
19783
19788
19789
19792
19793
19799
19802
19804
19805
19807
19808
19811
19812
19813
19816
19819
19822
19824
19825
19832
19834
19838
19840
19841
19842
19846
19847
19848
19849
19854
19855
19856
19857
19866
19867
19869
19870
19874
19877
19879
19882
19886
19888
19889
19890
19891
19892
19900
19901
19903
19907
19913
19915
19917
19920
19923
19927
19928
19929
19931
19932
19934
19936
19940
19945
19947
19949
19951
19952
19953
19954
19957
19958
19960
19965
19969
19976
19978
19979
19982
19987
19989
19990
19992
19996
19997
19999
20000
20001
20005
20009
20012
20017
20019
20021
20025
20031
20034
20035
20036
20038
20047
20048
20052
20061
20065
20066
20067
20072
20073
20077
20083
20084
20085
20097
20103
20105
20106
20107
20108
20109
20114
20117
20121
20122
20124
20125
20126
20130
20132
20136
20138
20140
20141
20143
20144
20145
20152
20153
20154
20164
20170
20172
20174
20177
20183
20185
20186
20187
20188
20189
20196
20200
20206
20207
20208
20211
20212
20218
20219
20220
20227
20230
20232
20233
20234
20239
20240
20241
20243
20244
20245
20246
20251
20252
20253
20254
20257
20258
20259
20263
20265
20267
20269
20271
20274
20275
20279
20286
20295
20298
20304
20306
20307
20311
20312
20314
20317
20318
20319
20320
20321
20324
20326
20328
20331
20333
20337
20338
20344
20345
20347
20349
20350
20355
20357
20362
20363
20365
20367
20370
20371
20375
20382
20387
20388
20390
20391
20394
20400
20403
20404
20407
20408
20409
20414
20415
20416
20422
20424
20425
20428
20429
20434
20436
20437
20442
20443
20444
20446
20447
20449
20453
20458
20459
20463
20464
20469
20470
20471
20475
20479
20483
20484
20486
20487
20488
20492
20497
20501
20503
20505
20513
20514
20519
20522
20525
20526
20531
20532
20533
20536
20541
20543
20544
20548
20559
20560
20561
20562
20565
20567
20573
20579
20582
20583
20584
20585
20587
20588
20591
20599
20600
20602
20603
20604
20607
20608
20609
20611
20613
20616
20628
20631
20638
20641
20642
20650
20653
20656
20657
20659
20660
20662
20663
20665
20666
20667
20668
20671
20672
20678
20684
20686
20687
20689
20694
20702
20706
20708
20710
20711
20715
20730
20731
20733
20736
20741
20743
20745
20747
20751
20753
20755
20757
20759
20760
20763
20765
20767
20772
20773
20775
20776
20777
20780
20782
20784
20786
20788
20790
20794
20796
20797
20800
20801
20802
20803
20804
20807
20813
20817
20819
20820
20825
20826
20829
20830
20832
20834
20837
20839
20840
20841
20842
20850
20852
20865
20866
20871
20873
20874
20875
20887
20888
20896
20897
20899
20905
20907
20909
20912
20917
20918
20920
20921
20922
20924
20925
20926
20928
20931
20934
20936
20947
20948
20953
20955
20956
20957
20963
20964
20965
20967
20969
20971
20972
20976
20978
20979
20980
20987
20990
20991
20992
20996
20997
20999
21000
21003
21007
21009
21010
21014
21016
21018
21019
21022
21024
21027
21030
21031
21032
21041
21043
21045
21047
21048
21049
21051
21064
21068
21069
21074
21076
21078
21079
21080
21082
21088
21090
21092
21093
21095
21099
21100
21101
21102
21105
21109
21110
21116
21120
21121
21126
21127
21129
21130
21132
21134
21136
21137
21139
21143
21145
21149
21151
21156
21159
21162
21165
21166
21168
21172
21174
21175
21180
21183
21186
21187
21190
21191
21192
21193
21198
21199
21201
21203
21205
21206
21207
21211
21226
21231
21233
21235
21238
21243
21245
21246
21247
21255
21256
21258
21264
21269
21271
21273
21274
21278
21282
21283
21284
21288
21292
21298
21299
21301
21305
21308
21310
21311
21313
21315
21318
21322
21326
21327
21331
21333
21338
21340
21342
21343
21344
21345
21347
21348
21350
21357
21358
21360
21362
21363
21368
21374
21375
21377
21378
21381
21382
21385
21389
21396
21397
21399
21401
21402
21408
21410
21419
21420
21421
21425
21428
21429
21435
21442
21444
21445
21446
21448
21449
21450
21455
21456
21458
21459
21460
21463
21465
21467
21477
21478
21482
21483
21484
21485
21486
21488
21489
21490
21494
21495
21497
21498
21500
21502
21513
21515
21517
21520
21521
21523
21529
21531
21541
21544
21545
21548
21549
21551
21552
21553
21556
21557
21566
21568
21570
21571
21574
21576
21582
21584
21586
21588
21590
21592
21593
21599
21605
21606
21607
21609
21612
21618
21619
21620
21621
21627
21628
21629
21630
21631
21633
21638
21642
21649
21650
21651
21652
21653
21656
21657
21658
21662
21663
21665
21666
21670
21672
21682
21684
21686
21690
21694
21695
21706
21707
21710
21711
21713
21714
21716
21719
21720
21722
21727
21731
21732
21735
21736
21737
21738
21740
21742
21745
21751
21755
21759
21761
21765
21766
21768
21770
21772
21774
21775
21776
21779
21783
21789
21792
21794
21797
21799
21801
21802
21808
21809
21812
21813
21815
21819
21823
21824
21829
21831
21838
21846
21847
21848
21849
21857
21858
21862
21863
21865
21868
21871
21872
21877
21878
21881
21885
21887
21888
21891
21893
21895
21899
21902
21904
21907
21917
21919
21922
21923
21926
21928
21931
21933
21935
21936
21938
21940
21941
21943
21947
21949
21952
21954
21955
21956
21960
21962
21964
21965
21967
21969
21981
21982
21987
21988
21989
21991
21997
22006
22010
22012
22013
22014
22015
22019
22023
22024
22027
22028
22031
22032
22035
22042
22044
22045
22051
22056
22058
22059
22063
22065
22066
22069
22073
22080
22084
22087
22088
22090
22095
22097
22100
22101
22103
22105
22107
22111
22112
22113
22116
22118
22129
22133
22135
22136
22137
22146
22150
22153
22154
22159
22160
22161
22162
22174
22175
22178
22181
22182
22185
22186
22187
22189
22190
22191
22194
22196
22197
22203
22205
22209
22210
22211
22214
22215
22217
22218
22219
22222
22228
22229
22233
22237
22239
22241
22242
22243
22245
22247
22253
22256
22267
22269
22272
22274
22276
22278
22281
22285
22293
22299
22300
22316
22321
22323
22328
22330
22335
22337
22338
22340
22341
22342
22343
22344
22346
22351
22352
22353
22354
22355
22361
22362
22363
22364
22369
22370
22374
22379
22381
22382
22385
22386
22388
22392
22393
22396
22401
22405
22407
22409
22413
22415
22416
22419
22420
22421
22422
22424
22425
22426
22428
22429
22430
22432
22437
22439
22444
22448
22458
22461
22464
22467
22471
22473
22474
22478
22480
22483
22486
22497
22498
22503
22507
22508
22514
22515
22523
22530
22531
22543
22545
22546
22548
22550
22555
22559
22564
22565
22568
22569
22572
22573
22576
22577
22578
22582
22585
22588
22593
22594
22595
22596
22600
22605
22609
22610
22611
22613
22614
22615
22619
22623
22625
22626
22627
22628
22629
22631
22632
22634
22639
22640
22647
22648
22650
22651
22652
22653
22654
22658
22659
22664
22667
22673
22676
22679
22680
22681
22684
22685
22688
22692
22697
22698
22702
22705
22707
22709
22714
22717
22725
22726
22727
22728
22730
22732
22733
22735
22737
22740
22741
22742
22748
22749
22755
22758
22759
22764
22767
22770
22771
22772
22773
22774
22775
22779
22782
22784
22789
22790
22791
22793
22796
22799
22800
22803
22808
22810
22811
22813
22814
22815
22818
22823
22826
22828
22829
22830
22834
22836
22840
22841
22843
22844
22847
22848
22849
22850
22856
22858
22859
22861
22864
22866
22868
22869
22878
22882
22885
22888
22892
22893
22898
22904
22908
22909
22910
22911
22915
22919
22922
22924
22925
22928
22929
22934
22939
22940
22941
22943
22951
22959
22964
22965
22968
22969
22973
22975
22977
22980
22982
22984
22985
22986
22988
22989
22996
22997
22998
23000
23001
23003
23004
23008
23010
23011
23012
23013
23014
23019
23020
23021
23023
23026
23027
23029
23031
23032
23033
23034
23035
23036
23040
23044
23045
23046
23047
23050
23055
23057
23064
23067
23069
23071
23083
23086
23093
23096
23097
23100
23103
23106
23107
23110
23113
23115
23119
23120
23123
23124
23130
23132
23135
23136
23138
23139
23142
23143
23145
23146
23148
23154
23160
23163
23166
23171
23172
23174
23176
23187
23192
23195
23196
23199
23200
23206
23215
23217
23219
23222
23225
23227
23229
23230
23232
23240
23242
23243
23244
23247
23248
23250
23254
23256
23257
23258
23262
23263
23265
23268
23273
23276
23278
23279
23280
23285
23287
23288
23293
23299
23300
23305
23306
23307
23308
23311
23314
23316
23318
23319
23321
23323
23326
23327
23329
23331
23334
23335
23338
23341
23343
23345
23348
23349
23350
23351
23356
23357
23358
23361
23364
23366
23367
23368
23371
23373
23375
23381
23382
23384
23385
23387
23390
23394
23395
23396
23397
23398
23399
23402
23407
23410
23412
23413
23414
23416
23419
23422
23423
23424
23428
23429
23437
23438
23444
23450
23452
23453
23454
23457
23459
23463
23465
23466
23470
23476
23486
23487
23496
23501
23505
23507
23516
23517
23519
23528
23530
23533
23535
23538
23539
23541
23547
23548
23549
23550
23554
23556
23561
23562
23569
23570
23571
23580
23584
23585
23589
23590
23594
23596
23598
23599
23600
23601
23602
23604
23606
23609
23610
23613
23615
23616
23620
23621
23623
23625
23628
23629
23631
23639
23645
23647
23649
23651
23655
23658
23660
23663
23664
23665
23667
23669
23672
23674
23676
23683
23688
23689
23692
23695
23696
23700
23702
23706
23707
23708
23709
23714
23717
23722
23723
23726
23728
23730
23733
23734
23735
23747
23749
23750
23751
23752
23753
23757
23758
23760
23768
23775
23782
23783
23784
23788
23790
23796
23797
23798
23802
23804
23808
23810
23811
23813
23816
23820
23825
23826
23830
23831
23835
23836
23847
23849
23851
23853
23860
23861
23862
23863
23871
23875
23878
23879
23880
23881
23886
23888
23890
23892
23895
23897
23898
23901
23903
23910
23912
23917
23919
23926
23930
23931
23936
23938
23940
23941
23948
23949
23950
23951
23954
23955
23956
23959
23960
23961
23962
23963
23964
23968
23969
23970
23975
23976
23979
23980
23982
23984
23986
23990
23994
24007
24008
24014
24016
24018
24025
24029
24036
24037
24040
24044
24046
24048
24053
24054
24057
24061
24063
24066
24071
24073
24078
24079
24081
24082
24093
24095
24096
24099
24100
24102
24104
24105
24106
24110
24113
24116
24118
24122
24124
24125
24133
24134
24136
24139
24142
24144
24146
24147
24151
24154
24157
24158
24160
24162
24168
24169
24172
24174
24196
24197
24202
24204
24205
24207
24208
24209
24211
24213
24218
24222
24224
24225
24227
24228
24229
24231
24232
24235
24237
24238
24239
24242
24245
24248
24250
24251
24252
24260
24261
24262
24263
24269
24270
24274
24275
24282
24283
24284
24288
24294
24295
24297
24298
24299
24300
24307
24308
24310
24316
24317
24320
24321
24323
24324
24325
24327
24331
24334
24337
24339
24340
24344
24352
24353
24356
24357
24361
24362
24364
24368
24369
24377
24382
24383
24384
24385
24387
24391
24392
24401
24404
24408
24412
24413
24414
24420
24424
24427
24431
24433
24438
24445
24446
24453
24454
24459
24463
24464
24465
24466
24473
24475
24477
24479
24488
24491
24492
24493
24494
24507
24508
24509
24510
24512
24514
24516
24517
24518
24525
24527
24530
24536
24538
24541
24545
24559
24563
24564
24565
24566
24567
24568
24570
24574
24580
24582
24585
24588
24589
24596
24599
24605
24607
24608
24609
24613
24616
24619
24625
24628
24632
24634
24637
24639
24643
24650
24654
24656
24660
24661
24662
24663
24664
24665
24670
24671
24673
24675
24679
24680
24681
24684
24686
24690
24693
24694
24696
24697
24701
24702
24705
24708
24710
24714
24715
24718
24722
24724
24725
24727
24736
24738
24741
24742
24747
24748
24752
24754
24760
24763
24765
24766
24771
24775
24776
24780
24781
24783
24784
24788
24792
24793
24799
24800
24805
24809
24812
24813
24817
24818
24820
24821
24824
24829
24830
24833
24835
24839
24843
24844
24845
24847
24848
24849
24854
24855
24856
24860
24867
24876
24877
24879
24882
24890
24892
24894
24896
24897
24898
24900
24901
24907
24913
24917
24918
24921
24922
24923
24924
24925
24930
24931
24932
24937
24942
24945
24946
24952
24958
24959
24961
24963
24964
24966
24967
24969
24971
24977
24979
24989
24990
24994
24996
24997
25003
25005
25008
25012
25014
25018
25019
25021
25023
25025
25028
25029
25034
25035
25036
25039
25040
25041
25042
25044
25046
25056
25062
25064
25066
25073
25075
25079
25083
25085
25086
25088
25089
25092
25094
25096
25098
25101
25102
25115
25119
25123
25125
25126
25130
25137
25138
25144
25149
25150
25155
25159
25162
25166
25167
25168
25171
25180
25182
25184
25193
25195
25197
25198
25200
25208
25210
25211
25212
25218
25225
25226
25228
25229
25230
25231
25232
25243
25244
25248
25251
25253
25254
25261
25267
25279
25288
25289
25295
25298
25299
25301
25302
25304
25305
25306
25314
25317
25325
25329
25333
25337
25339
25341
25344
25345
25350
25352
25357
25358
25359
25360
25362
25364
25365
25368
25376
25378
25380
25383
25386
25387
25388
25390
25392
25395
25396
25398
25400
25401
25402
25403
25404
25407
25408
25411
25414
25418
25421
25423
25429
25433
25434
25436
25444
25452
25455
25457
25458
25459
25460
25466
25467
25469
25475
25477
25478
25487
25488
25489
25491
25492
25494
25495
25498
25501
25507
25509
25511
25520
25523
25524
25526
25527
25528
25535
25537
25539
25540
25543
25549
25552
25557
25561
25563
25566
25568
25572
25584
25587
25590
25591
25592
25595
25596
25599
25601
25603
25605
25608
25611
25612
25617
25619
25623
25626
25633
25634
25635
25640
25641
25643
25644
25646
25647
25648
25650
25656
25657
25662
25665
25669
25671
25672
25673
25674
25676
25678
25680
25681
25684
25688
25690
25692
25700
25701
25704
25705
25708
25711
25713
25714
25715
25716
25719
25723
25727
25731
25732
25733
25734
25735
25737
25741
25743
25748
25753
25758
25761
25766
25767
25770
25771
25773
25777
25780
25783
25784
25786
25787
25789
25795
25796
25798
25806
25811
25812
25819
25821
25823
25827
25828
25832
25836
25838
25840
25843
25848
25856
25861
25865
25868
25874
25875
25876
25881
25883
25890
25892
25895
25901
25906
25907
25912
25914
25916
25921
25926
25930
25932
25935
25936
25940
25941
25942
25945
25947
25948
25953
25955
25956
25967
25973
25974
25976
25978
25979
25988
25989
25991
25992
25993
25999
26002
26007
26008
26009
26010
26015
26017
26021
26022
26024
26026
26027
26028
26031
26032
26034
26036
26037
26040
26043
26049
26050
26057
26065
26078
26081
26084
26085
26086
26092
26095
26097
26098
26102
26104
26114
26119
26121
26122
26123
26124
26125
26126
26129
26131
26132
26134
26136
26137
26141
26142
26143
26145
26147
26148
26152
26159
26168
26174
26176
26179
26182
26184
26187
26188
26189
26197
26198
26202
26203
26204
26205
26206
26210
26214
26220
26221
26222
26223
26235
26238
26240
26246
26248
26249
26254
26255
26260
26266
26267
26268
26269
26272
26273
26274
26275
26276
26281
26282
26283
26284
26287
26289
26290
26291
26303
26305
26307
26314
26316
26317
26327
26328
26331
26332
26333
26341
26344
26355
26358
26360
26361
26364
26368
26371
26373
26374
26375
26376
26378
26380
26381
26382
26383
26390
26397
26398
26399
26402
26408
26411
26413
26414
26416
26418
26419
26422
26429
26434
26436
26437
26446
26448
26449
26451
26452
26456
26457
26461
26462
26464
26465
26467
26469
26475
26476
26478
26486
26493
26495
26498
26499
26500
26501
26506
26513
26515
26519
26521
26529
26531
26533
26541
26542
26543
26546
26548
26550
26552
26553
26554
26555
26557
26558
26560
26561
26564
26567
26570
26571
26572
26573
26575
26576
26577
26581
26582
26585
26588
26589
26590
26593
26597
26608
26609
26613
26615
26616
26617
26618
26620
26621
26622
26624
26627
26629
26631
26632
26635
26636
26641
26644
26651
26658
26659
26660
26666
26667
26670
26673
26674
26678
26680
26683
26685
26686
26689
26694
26696
26703
26707
26710
26715
26716
26727
26732
26737
26738
26740
26742
26746
26747
26748
26749
26751
26752
26756
26763
26764
26765
26766
26768
26769
26773
26774
26776
26780
26788
26792
26800
26803
26806
26813
26815
26819
26820
26821
26829
26830
26832
26834
26837
26842
26844
26845
26847
26849
26850
26851
26858
26865
26866
26867
26875
26879
26880
26881
26882
26884
26886
26890
26892
26895
26897
26898
26899
26903
26906
26908
26912
26917
26921
26922
26925
26928
26929
26932
26933
26934
26935
26940
26948
26950
26953
26958
26964
26967
26973
26975
26977
26979
26981
26985
26986
26988
26990
26992
26994
26998
27000
27001
27002
27004
27010
27014
27018
27022
27024
27025
27028
27036
27038
27043
27044
27053
27054
27062
27066
27067
27070
27075
27076
27079
27080
27082
27089
27090
27091
27092
27095
27099
27103
27108
27113
27117
27119
27120
27125
27129
27130
27138
27141
27144
27145
27146
27150
27151
27152
27155
27159
27160
27161
27162
27172
27174
27180
27182
27188
27190
27191
27194
27195
27196
27199
27204
27210
27216
27229
27230
27232
27233
27235
27239
27240
27241
27244
27245
27247
27255
27257
27258
27260
27267
27268
27269
27276
27277
27280
27281
27288
27289
27290
27293
27295
27299
27300
27306
27307
27312
27315
27316
27319
27323
27324
27329
27330
27332
27334
27335
27337
27348
27352
27354
27357
27358
27359
27360
27361
27363
27372
27374
27375
27376
27378
27380
27383
27384
27388
27397
27400
27404
27405
27406
27409
27413
27414
27419
27421
27430
27433
27439
27443
27445
27446
27447
27452
27455
27457
27461
27463
27467
27471
27475
27477
27482
27486
27490
27493
27495
27501
27502
27505
27507
27512
27515
27517
27519
27520
27524
27525
27527
27528
27535
27539
27540
27542
27546
27549
27556
27557
27558
27560
27561
27562
27564
27565
27566
27568
27570
27573
27576
27578
27579
27581
27584
27591
27592
27593
27594
27595
27596
27597
27598
27599
27600
27606
27609
27615
27617
27618
27620
27621
27631
27633
27635
27636
27639
27642
27643
27645
27646
27649
27650
27653
27654
27656
27660
27672
27673
27677
27678
27681
27683
27684
27697
27699
27700
27704
27705
27709
27714
27717
27718
27719
27720
27721
27724
27725
27733
27736
27743
27746
27748
27749
27750
27753
27754
27757
27759
27762
27763
27770
27772
27778
27782
27787
27788
27789
27791
27793
27795
27802
27805
27806
27807
27808
27809
27813
27817
27818
27821
27822
27823
27825
27826
27833
27834
27837
27838
27840
27841
27842
27843
27845
27847
27849
27854
27856
27861
27862
27863
27871
27872
27876
27877
27879
27880
27881
27889
27894
27897
27900
27904
27907
27908
27911
27912
27914
27915
27923
27925
27931
27936
27938
27940
27942
27943
27951
27954
27955
27957
27959
27960
27961
27970
27976
27977
27979
27982
27987
27990
27992
27996
27997
27999
28003
28004
28005
28014
28015
28016
28018
28019
28024
28028
28029
28030
28032
28040
28041
28044
28045
28046
28047
28051
28054
28055
28056
28059
28060
28061
28063
28064
28066
28067
28069
28071
28072
28075
28077
28082
28083
28084
28089
28091
28095
28096
28097
28100
28101
28105
28107
28110
28111
28113
28118
28124
28128
28129
28133
28134
28138
28139
28140
28144
28145
28147
28158
28161
28162
28163
28166
28167
28168
28170
28177
28178
28192
28193
28194
28196
28197
28198
28199
28203
28205
28210
28211
28213
28215
28220
28221
28223
28227
28228
28229
28230
28231
28236
28239
28242
28243
28245
28247
28248
28251
28252
28253
28254
28268
28271
28272
28277
28278
28283
28287
28293
28295
28296
28297
28299
28300
28301
28304
28316
28317
28319
28320
28325
28326
28329
28331
28334
28339
28340
28343
28344
28346
28350
28357
28359
28361
28371
28375
28376
28377
28378
28379
28380
28382
28384
28388
28389
28398
28401
28402
28404
28406
28408
28409
28412
28416
28418
28420
28421
28422
28426
28427
28430
28433
28436
28437
28441
28443
28444
28450
28452
28453
28454
28456
28457
28462
28463
28467
28468
28472
28475
28478
28479
28480
28482
28484
28485
28487
28488
28489
28491
28496
28499
28500
28505
28510
28518
28522
28525
28528
28529
28531
28533
28538
28540
28542
28544
28557
28562
28567
28571
28581
28586
28591
28594
28609
28610
28611
28612
28617
28618
28620
28627
28631
28633
28635
28636
28638
28644
28645
28658
28659
28661
28666
28668
28669
28671
28673
28675
28676
28678
28679
28680
28682
28685
28691
28694
28697
28699
28701
28702
28703
28704
28706
28708
28710
28713
28715
28717
28718
28724
28727
28729
28732
28734
28736
28739
28742
28745
28754
28760
28762
28763
28764
28765
28766
28771
28772
28775
28777
28779
28780
28781
28790
28799
28801
28806
28811
28815
28816
28817
28821
28825
28830
28831
28832
28834
28837
28844
28845
28847
28848
28850
28852
28854
28857
28859
28862
28863
28865
28866
28867
28868
28872
28873
28877
28881
28888
28889
28893
28896
28897
28898
28901
28902
28903
28912
28918
28920
28926
28928
28935
28938
28940
28942
28943
28947
28948
28952
28954
28956
28972
28979
28980
28985
28987
28989
28990
28993
28999
29001
29006
29007
29008
29009
29011
29013
29017
29020
29026
29030
29032
29033
29035
29038
29042
29047
29049
29050
29054
29057
29058
29065
29066
29070
29071
29072
29075
29077
29079
29087
29088
29094
29095
29100
29101
29102
29105
29106
29109
29110
29111
29116
29119
29123
29126
29127
29128
29130
29132
29133
29135
29136
29143
29147
29149
29151
29153
29160
29165
29170
29176
29181
29182
29183
29184
29186
29187
29188
29193
29196
29197
29202
29204
29208
29209
29224
29229
29231
29239
29240
29246
29251
29253
29254
29255
29257
29259
29261
29264
29265
29267
29273
29275
29276
29278
29282
29284
29285
29287
29289
29290
29293
29294
29300
29302
29305
29313
29314
29316
29318
29319
29323
29326
29327
29330
29331
29340
29343
29349
29355
29357
29365
29366
29368
29370
29371
29372
29376
29378
29379
29380
29382
29386
29387
29392
29397
29400
29401
29405
29408
29411
29412
29415
29418
29420
29422
29428
29432
29434
29437
29446
29447
29449
29451
29457
29461
29463
29464
29467
29468
29471
29473
29476
29479
29482
29485
29488
29489
29490
29492
29493
29494
29497
29499
29502
29509
29510
29517
29524
29525
29526
29527
29528
29529
29532
29533
29538
29539
29540
29541
29546
29550
29553
29555
29556
29564
29565
29568
29575
29577
29578
29579
29582
29584
29587
29590
29600
29601
29606
29608
29612
29613
29614
29616
29618
29622
29624
29625
29626
29627
29628
29630
29631
29635
29637
29640
29641
29643
29645
29646
29652
29654
29655
29656
29661
29664
29667
29669
29674
29679
29681
29684
29687
29691
29695
29697
29698
29702
29707
29710
29713
29722
29733
29734
29736
29744
29748
29749
29751
29753
29755
29761
29763
29764
29773
29778
29780
29783
29788
29791
29795
29796
29798
29800
29805
29807
29809
29814
29815
29818
29819
29822
29828
29832
29836
29846
29850
29853
29854
29857
29859
29864
29870
29872
29874
29878
29887
29890
29893
29894
29895
29898
29901
29905
29907
29912
29915
29916
29919
29927
29930
29940
29942
29945
29949
29952
29954
29959
29963
29966
29974
29975
29977
29979
29980
29981
29982
29983
29986
29988
29990
29991
29994
29995
30001
30005
30006
30010
30013
30015
30018
30019
30020
30022
30023
30026
30027
30032
30038
30039
30041
30042
30043
30049
30050
30052
30056
30062
30063
30064
30069
30071
30077
30079
30084
30093
30094
30095
30102
30103
30105
30106
30107
30116
30120
30126
30127
30129
30132
30133
30140
30141
30146
30154
30159
30170
30172
30174
30176
30178
30181
30182
30185
30187
30190
30191
30196
30200
30214
30216
30217
30219
30220
30221
30225
30228
30235
30236
30237
30241
30248
30249
30250
30256
30260
30262
30264
30265
30268
30272
30273
30275
30277
30283
30284
30285
30286
30288
30290
30299
30302
30306
30309
30312
30316
30317
30319
30322
30323
30324
30326
30328
30329
30334
30338
30341
30343
30344
30345
30346
30348
30354
30356
30357
30358
30361
30362
30363
30368
30369
30374
30376
30378
30382
30386
30387
30388
30390
30397
30407
30412
30413
30418
30420
30422
30425
30427
30428
30432
30434
30438
30441
30445
30446
30459
30460
30461
30465
30471
30474
30475
30479
30482
30487
30494
30496
30498
30499
30500
30501
30502
30505
30506
30508
30514
30519
30537
30544
30547
30551
30552
30567
30568
30573
30575
30577
30580
30584
30589
30591
30595
30597
30598
30600
30605
30607
30610
30614
30620
30624
30625
30626
30629
30633
30637
30650
30652
30654
30660
30663
30665
30666
30668
30669
30671
30673
30675
30679
30681
30684
30685
30687
30689
30690
30692
30701
30705
30709
30710
30711
30712
30718
30722
30723
30726
30727
30732
30734
30735
30740
30742
30744
30745
30746
30747
30748
30749
30753
30754
30756
30760
30761
30767
30768
30769
30770
30774
30776
30777
30782
30783
30784
30785
30789
30797
30798
30800
30802
30804
30810
30811
30812
30815
30816
30819
30822
30825
30830
30837
30838
30841
30845
30847
30848
30852
30854
30857
30862
30863
30864
30865
30872
30873
30874
30876
30877
30878
30883
30884
30886
30891
30897
30899
30902
30905
30909
30910
30912
30923
30924
30925
30927
30933
30935
30938
30940
30942
30946
30947
30949
30951
30953
30957
30958
30961
30962
30963
30965
30967
30969
30972
30975
30977
30980
30981
30982
30983
30985
30986
30987
30992
30994
30995
30997
30998
31006
31007
31012
31019
31021
31022
31023
31024
31026
31027
31031
31032
31034
31035
31036
31041
31044
31046
31049
31056
31057
31060
31064
31070
31073
31074
31075
31076
31078
31080
31084
31085
31088
31092
31093
31096
31098
31099
31100
31103
31108
31109
31110
31111
31114
31116
31120
31121
31122
31127
31130
31138
31144
31146
31148
31153
31156
31157
31159
31166
31176
31183
31184
31186
31192
31196
31201
31202
31203
31206
31207
31208
31209
31211
31212
31214
31216
31222
31223
31225
31226
31227
31228
31229
31242
31243
31248
31251
31256
31260
31268
31269
31271
31274
31279
31283
31286
31287
31288
31292
31293
31299
31300
31305
31307
31311
31313
31314
31317
31322
31326
31327
31334
31336
31340
31344
31347
31349
31351
31354
31356
31357
31359
31360
31362
31363
31364
31368
31371
31372
31374
31375
31377
31382
31385
31388
31392
31393
31399
31400
31402
31403
31405
31406
31407
31408
31410
31412
31413
31414
31417
31422
31423
31430
31432
31436
31437
31438
31440
31443
31445
31447
31450
31456
31458
31462
31463
31464
31471
31474
31475
31479
31484
31489
31490
31495
31496
31497
31500
31506
31507
31509
31510
31511
31513
31515
31517
31519
31522
31527
31528
31534
31539
31541
31543
31545
31555
31561
31567
31568
31569
31570
31578
31581
31583
31584
31586
31588
31591
31592
31598
31600
31603
31604
31608
31609
31611
31614
31617
31620
31622
31624
31626
31628
31631
31632
31633
31636
31641
31642
31647
31649
31657
31661
31662
31665
31667
31668
31675
31676
31679
31680
31687
31688
31694
31695
31704
31707
31708
31710
31717
31720
31721
31723
31725
31726
31727
31729
31731
31733
31735
31736
31738
31740
31742
31746
31748
31753
31755
31759
31762
31771
31772
31774
31778
31781
31789
31791
31792
31793
31799
31801
31802
31805
31807
31811
31812
31816
31822
31827
31830
31833
31835
31842
31846
31847
31850
31854
31855
31856
31866
31867
31871
31873
31874
31878
31883
31884
31889
31890
31892
31893
31899
31900
31903
31905
31906
31912
31913
31916
31921
31922
31923
31926
31927
31928
31930
31933
31935
31939
31940
31942
31943
31945
31946
31948
31950
31955
31958
31959
31960
31967
31970
31973
31975
31976
31977
31979
31980
31981
31984
31986
31991
32002
32003
32004
32005
32007
32008
32009
32010
32011
32017
32019
32026
32031
32032
32035
32040
32042
32046
32047
32049
32050
32051
32052
32057
32058
32064
32067
32072
32073
32075
32078
32081
32082
32083
32087
32091
32093
32096
32097
32106
32107
32108
32111
32114
32115
32118
32120
32123
32126
32129
32134
32135
32137
32138
32142
32144
32147
32150
32153
32157
32159
32172
32175
32178
32184
32187
32190
32191
32204
32205
32206
32208
32213
32214
32217
32218
32219
32220
32222
32223
32224
32229
32232
32235
32236
32238
32241
32246
32248
32249
32253
32258
32259
32260
32261
32267
32270
32272
32273
32277
32281
32282
32283
32285
32286
32288
32289
32292
32296
32298
32299
32300
32301
32307
32308
32311
32314
32315
32316
32319
32325
32328
32330
32332
32333
32334
32338
32339
32347
32348
32355
32356
32360
32363
32364
32366
32367
32368
32370
32372
32373
32378
32379
32385
32386
32388
32391
32393
32397
32398
32400
32401
32402
32408
32411
32418
32419
32423
32424
32425
32430
32432
32441
32442
32443
32444
32446
32450
32451
32453
32454
32456
32457
32458
32462
32463
32464
32465
32468
32469
32477
32481
32486
32487
32491
32493
32494
32495
32497
32500
32502
32505
32510
32513
32514
32516
32517
32521
32522
32527
32532
32535
32538
32540
32542
32544
32545
32550
32552
32554
32555
32562
32563
32565
32574
32577
32581
32582
32583
32584
32585
32586
32591
32593
32598
32599
32602
32605
32606
32607
32609
32610
32611
32612
32613
32616
32617
32618
32621
32623
32624
32632
32633
32635
32639
32643
32646
32651
32653
32654
32656
32658
32663
32666
32669
32670
32671
32677
32678
32680
32683
32684
32686
32687
32692
32696
32697
32699
32707
32708
32710
32716
32718
32720
32723
32724
32727
32731
32734
32738
32741
32742
32748
32749
32751
32754
32757
32762
32765
32766
32767
32768
32769
32777
32782
32783
32784
32788
32789
32795
32796
32797
32798
32800
32801
32804
32805
32812
32815
32816
32818
32822
32832
32833
32836
32840
32841
32842
32843
32844
32848
32856
32861
32864
32870
32871
32875
32876
32879
32881
32885
32886
32887
32888
32892
32895
32901
32902
32906
32908
32910
32913
32918
32925
32927
32931
32934
32937
32938
32946
32947
32950
32953
32957
32969
32974
32976
32981
32989
32990
32991
32992
32999
33001
33003
33005
33007
33008
33011
33022
33023
33026
33027
33032
33034
33038
33042
33045
33046
33047
33050
33052
33054
33058
33060
33061
33064
33065
33068
33069
33070
33071
33073
33074
33075
33077
33081
33088
33090
33093
33096
33097
33098
33099
33103
33108
33110
33119
33121
33122
33123
33127
33129
33130
33135
33136
33140
33142
33147
33148
33155
33157
33159
33160
33164
33166
33167
33169
33171
33175
33176
33178
33195
33196
33202
33204
33206
33207
33208
33209
33210
33215
33220
33221
33229
33233
33236
33238
33239
33244
33248
33250
33252
33255
33257
33258
33264
33266
33267
33268
33269
33273
33274
33275
33278
33281
33288
33293
33298
33300
33306
33308
33310
33311
33316
33317
33322
33323
33325
33326
33327
33330
33331
33332
33333
33336
33338
33340
33342
33344
33345
33346
33350
33351
33353
33354
33357
33358
33360
33361
33364
33370
33371
33372
33373
33376
33379
33380
33384
33386
33387
33389
33390
33391
33392
33396
33399
33400
33401
33405
33407
33413
33414
33421
33423
33424
33426
33429
33435
33438
33443
33444
33449
33452
33456
33458
33461
33464
33466
33469
33471
33473
33475
33477
33479
33481
33482
33484
33486
33489
33491
33493
33495
33496
33497
33501
33504
33505
33506
33507
33511
33512
33517
33520
33522
33526
33527
33528
33530
33531
33534
33536
33538
33542
33543
33545
33549
33550
33559
33560
33561
33565
33566
33570
33574
33576
33579
33583
33586
33588
33591
33597
33599
33604
33605
33606
33609
33614
33615
33618
33619
33621
33623
33626
33627
33628
33630
33632
33634
33635
33636
33642
33647
33648
33652
33653
33654
33660
33661
33665
33668
33671
33676
33677
33678
33681
33684
33686
33694
33695
33696
33697
33699
33700
33703
33706
33707
33708
33709
33711
33712
33714
33716
33717
33723
33726
33729
33735
33736
33739
33747
33748
33749
33751
33753
33757
33758
33760
33767
33770
33774
33782
33787
33790
33794
33795
33798
33802
33803
33804
33807
33808
33810
33813
33814
33819
33820
33827
33829
33831
33832
33834
33836
33838
33840
33842
33847
33857
33858
33860
33864
33865
33867
33873
33878
33881
33884
33890
33891
33893
33895
33896
33902
33917
33918
33922
33928
33932
33933
33935
33936
33938
33944
33945
33946
33947
33949
33950
33951
33952
33953
33958
33960
33961
33963
33967
33969
33970
33972
33973
33975
33976
33979
33980
33981
33982
33985
33988
33990
33992
33993
34002
34003
34014
34018
34020
34021
34023
34024
34025
34026
34031
34033
34035
34036
34041
34042
34043
34045
34047
34054
34056
34057
34060
34061
34063
34072
34073
34076
34078
34084
34086
34088
34092
34096
34098
34099
34105
34107
34114
34119
34121
34128
34140
34142
34144
34145
34149
34153
34161
34164
34165
34166
34169
34172
34174
34175
34176
34179
34180
34183
34184
34190
34198
34209
34211
34219
34220
34221
34224
34228
34232
34233
34238
34239
34242
34244
34246
34248
34253
34261
34270
34272
34273
34281
34284
34285
34289
34295
34300
34302
34311
34315
34318
34319
34321
34323
34324
34328
34329
34334
34337
34338
34341
34343
34344
34347
34349
34353
34354
34355
34357
34361
34362
34365
34369
34372
34375
34381
34386
34389
34392
34393
34395
34401
34402
34403
34408
34410
34411
34412
34414
34415
34416
34419
34425
34427
34428
34432
34434
34435
34437
34438
34441
34442
34448
34450
34453
34455
34457
34464
34475
34481
34482
34483
34485
34490
34495
34496
34497
34498
34500
34506
34508
34513
34517
34523
34524
34527
34530
34531
34533
34535
34537
34541
34542
34543
34545
34548
34549
34551
34552
34555
34556
34559
34560
34562
34564
34566
34568
34571
34572
34573
34576
34577
34579
34582
34586
34589
34595
34598
34603
34604
34606
34607
34608
34609
34613
34619
34623
34628
34632
34634
34638
34640
34643
34646
34647
34649
34651
34653
34656
34657
34662
34667
34673
34676
34683
34691
34692
34693
34694
34707
34708
34710
34712
34714
34720
34721
34724
34726
34728
34732
34734
34735
34737
34741
34745
34748
34755
34759
34760
34761
34767
34770
34771
34777
34779
34781
34783
34786
34788
34789
34790
34794
34796
34800
34801
34804
34810
34812
34815
34820
34821
34825
34831
34833
34837
34845
34847
34853
34854
34860
34861
34864
34866
34868
34869
34874
34875
34876
34877
34878
34879
34884
34886
34888
34890
34902
34903
34904
34908
34909
34914
34915
34917
34919
34921
34927
34933
34937
34939
34940
34944
34948
34949
34952
34956
34958
34959
34960
34962
34964
34966
34969
34971
34975
34979
34982
34983
34987
34990
34995
34996
34998
35004
35005
35006
35009
35010
35012
35014
35017
35021
35029
35031
35032
35034
35035
35039
35048
35049
35057
35058
35061
35063
35066
35070
35073
35079
35081
35091
35092
35093
35096
35100
35101
35106
35108
35110
35113
35115
35117
35119
35125
35129
35137
35138
35139
35142
35143
35146
35149
35151
35153
35154
35155
35158
35170
35172
35177
35182
35183
35189
35192
35197
35200
35202
35205
35206
35210
35211
35212
35215
35216
35217
35218
35223
35226
35227
35228
35230
35232
35241
35242
35243
35244
35245
35248
35249
35250
35251
35255
35264
35267
35269
35270
35272
35273
35274
35275
35276
35277
35278
35281
35282
35283
35285
35287
35288
35293
35294
35297
35300
35303
35305
35307
35308
35310
35315
35316
35318
35320
35323
35324
35325
35328
35332
35335
35336
35338
35343
35344
35353
35357
35358
35361
35362
35367
35371
35375
35377
35381
35382
35383
35386
35389
35394
35398
35402
35403
35404
35405
35416
35426
35434
35440
35441
35443
35447
35449
35452
35453
35454
35458
35463
35466
35467
35469
35473
35475
35477
35480
35482
35485
35486
35490
35502
35503
35506
35507
35509
35516
35518
35520
35523
35527
35528
35531
35533
35534
35536
35538
35541
35543
35546
35548
35550
35551
35555
35556
35558
35560
35561
35562
35564
35566
35568
35569
35570
35571
35573
35581
35582
35583
35591
35595
35597
35598
35599
35602
35608
35609
35610
35613
35621
35622
35623
35624
35639
35640
35643
35644
35646
35651
35652
35658
35659
35661
35666
35669
35671
35673
35680
35685
35691
35695
35698
35699
35704
35713
35714
35717
35718
35720
35724
35726
35727
35729
35731
35733
35738
35739
35740
35750
35752
35753
35754
35757
35759
35760
35765
35766
35767
35768
35769
35770
35772
35775
35776
35779
35781
35782
35784
35785
35786
35790
35793
35803
35806
35807
35812
35814
35816
35818
35825
35826
35828
35829
35836
35843
35845
35846
35847
35849
35853
35856
35857
35858
35859
35863
35865
35868
35871
35873
35874
35879
35882
35883
35884
35900
35908
35911
35919
35920
35922
35924
35935
35938
35939
35940
35942
35943
35952
35956
35957
35962
35970
35971
35972
35976
35977
35980
35981
35986
35987
35990
36000
36002
36003
36004
36006
36008
36014
36017
36018
36020
36032
36033
36038
36039
36043
36044
36046
36048
36052
36053
36055
36058
36066
36068
36069
36072
36079
36080
36083
36090
36091
36099
36100
36103
36105
36108
36109
36112
36113
36114
36116
36118
36127
36128
36130
36133
36135
36138
36141
36143
36146
36149
36151
36152
36154
36157
36159
36161
36162
36164
36168
36170
36171
36173
36176
36178
36180
36185
36186
36192
36195
36196
36198
36201
36207
36208
36209
36210
36211
36220
36222
36227
36228
36231
36235
36237
36238
36239
36241
36242
36243
36246
36251
36256
36258
36261
36266
36272
36283
36285
36290
36295
36300
36304
36306
36307
36308
36309
36310
36312
36314
36317
36320
36322
36326
36329
36330
36332
36333
36334
36335
36336
36337
36338
36341
36343
36348
36350
36356
36357
36360
36362
36374
36376
36382
36384
36394
36396
36406
36408
36411
36413
36414
36420
36422
36423
36427
36428
36436
36437
36439
36442
36450
36451
36453
36455
36458
36461
36462
36463
36464
36475
36476
36477
36478
36481
36486
36489
36493
36494
36496
36501
36505
36512
36520
36521
36522
36527
36528
36529
36530
36536
36537
36538
36539
36540
36544
36546
36549
36553
36554
36558
36562
36563
36568
36569
36577
36583
36587
36590
36591
36592
36594
36595
36597
36598
36601
36602
36605
36607
36608
36610
36611
36616
36619
36620
36621
36624
36625
36627
36632
36633
36635
36637
36640
36641
36645
36654
36658
36659
36673
36674
36676
36678
36685
36686
36687
36689
36695
36702
36705
36706
36710
36713
36715
36716
36719
36724
36734
36737
36739
36741
36743
36744
36747
36749
36750
36752
36754
36755
36756
36757
36761
36766
36770
36773
36775
36779
36790
36793
36795
36800
36801
36802
36803
36804
36805
36806
36811
36812
36816
36817
36820
36825
36826
36827
36829
36830
36834
36836
36837
36838
36839
36843
36846
36856
36857
36860
36861
36862
36863
36871
36872
36873
36874
36876
36877
36878
36879
36880
36882
36888
36892
36893
36897
36901
36904
36907
36909
36910
36911
36915
36916
36919
36920
36930
36933
36934
36939
36940
36944
36945
36946
36948
36953
36959
36960
36964
36966
36968
36970
36971
36975
36976
36977
36981
36985
36986
36988
36990
36992
37001
37003
37004
37006
37009
37010
37011
37016
37020
37021
37024
37026
37027
37032
37033
37036
37044
37045
37049
37058
37061
37069
37072
37074
37080
37082
37084
37085
37086
37087
37091
37094
37104
37106
37108
37112
37113
37117
37118
37120
37122
37125
37127
37128
37131
37139
37142
37144
37146
37150
37151
37152
37154
37155
37157
37158
37160
37161
37163
37166
37168
37172
37173
37177
37178
37182
37188
37189
37193
37194
37196
37201
37204
37206
37210
37213
37222
37227
37229
37230
37231
37232
37233
37235
37236
37238
37239
37240
37244
37252
37253
37256
37259
37260
37261
37262
37267
37272
37273
37274
37275
37281
37283
37286
37288
37295
37300
37301
37305
37307
37308
37311
37321
37331
37332
37334
37338
37340
37344
37346
37349
37357
37359
37360
37361
37363
37366
37367
37369
37376
37378
37381
37384
37387
37390
37394
37396
37403
37406
37410
37411
37421
37423
37424
37425
37426
37427
37430
37434
37435
37437
37439
37441
37443
37446
37448
37451
37453
37454
37455
37456
37457
37462
37463
37466
37467
37469
37470
37474
37476
37479
37481
37484
37485
37491
37494
37495
37499
37500
37502
37506
37508
37510
37512
37513
37518
37520
37527
37532
37535
37537
37541
37546
37551
37556
37557
37560
37565
37566
37569
37572
37574
37577
37578
37582
37586
37588
37594
37596
37597
37598
37605
37607
37608
37612
37613
37614
37619
37622
37623
37626
37631
37633
37636
37639
37641
37643
37645
37647
37650
37651
37652
37653
37654
37659
37660
37661
37664
37668
37670
37677
37678
37682
37683
37684
37685
37689
37693
37697
37698
37701
37702
37708
37710
37713
37714
37722
37723
37726
37733
37735
37737
37741
37743
37748
37751
37758
37760
37763
37768
37770
37771
37773
37780
37782
37783
37784
37785
37789
37795
37804
37811
37815
37822
37825
37826
37831
37837
37840
37841
37842
37846
37857
37858
37865
37867
37868
37870
37877
37878
37880
37884
37890
37891
37892
37893
37896
37897
37898
37901
37903
37916
37919
37921
37926
37927
37928
37929
37943
37951
37954
37956
37957
37958
37960
37961
37963
37965
37967
37973
37980
37984
37985
37986
37987
37991
37995
37998
38000
38004
38009
38013
38017
38018
38020
38022
38023
38025
38032
38034
38036
38039
38043
38044
38045
38047
38048
38049
38050
38051
38052
38054
38056
38057
38063
38065
38067
38071
38076
38083
38086
38091
38094
38095
38097
38099
38100
38102
38103
38104
38107
38116
38117
38121
38122
38124
38126
38130
38131
38133
38135
38142
38144
38146
38152
38153
38155
38160
38170
38172
38174
38177
38179
38180
38181
38182
38185
38188
38194
38198
38199
38200
38206
38208
38211
38215
38216
38218
38221
38223
38225
38226
38227
38229
38231
38233
38234
38235
38236
38241
38244
38246
38253
38254
38256
38260
38261
38263
38273
38274
38275
38277
38282
38284
38285
38287
38291
38294
38296
38298
38300
38302
38303
38307
38308
38312
38313
38314
38315
38317
38318
38324
38326
38328
38336
38337
38345
38349
38352
38360
38362
38363
38366
38367
38368
38369
38371
38377
38380
38381
38382
38384
38387
38391
38392
38394
38397
38403
38404
38405
38407
38409
38412
38413
38414
38415
38416
38417
38418
38419
38420
38427
38428
38429
38435
38436
38437
38438
38439
38440
38441
38442
38451
38455
38457
38461
38463
38465
38466
38467
38468
38471
38472
38474
38477
38478
38481
38482
38484
38485
38488
38491
38493
38494
38495
38496
38497
38498
38502
38503
38504
38506
38510
38517
38523
38525
38536
38540
38543
38546
38551
38552
38555
38557
38559
38561
38562
38565
38567
38569
38572
38573
38576
38579
38583
38586
38590
38597
38599
38604
38605
38606
38613
38617
38618
38619
38620
38621
38622
38625
38629
38631
38633
38634
38636
38637
38642
38643
38646
38648
38650
38652
38658
38660
38665
38669
38670
38672
38676
38679
38680
38681
38682
38685
38686
38687
38693
38695
38697
38706
38708
38713
38714
38717
38721
38722
38727
38731
38732
38736
38741
38742
38745
38755
38757
38759
38760
38762
38770
38772
38775
38778
38779
38784
38786
38791
38792
38796
38797
38802
38804
38807
38809
38811
38812
38818
38820
38822
38824
38828
38829
38835
38836
38842
38843
38844
38845
38848
38849
38851
38852
38854
38855
38856
38859
38862
38865
38867
38868
38869
38872
38873
38878
38881
38882
38887
38888
38895
38896
38899
38903
38905
38907
38920
38921
38922
38924
38929
38931
38932
38937
38939
38945
38953
38955
38956
38959
38961
38964
38972
38973
38975
38977
38979
38980
38981
38982
38983
38986
38988
38990
38991
38993
38995
38996
38997
39004
39006
39015
39021
39022
39023
39024
39025
39030
39034
39042
39045
39046
39051
39056
39058
39061
39062
39063
39066
39068
39069
39072
39073
39074
39077
39078
39079
39080
39089
39090
39093
39094
39095
39097
39099
39111
39112
39113
39119
39125
39127
39128
39130
39133
39134
39137
39138
39141
39144
39147
39149
39150
39151
39155
39156
39159
39162
39164
39167
39168
39169
39170
39175
39180
39182
39183
39186
39189
39192
39197
39199
39200
39203
39210
39213
39214
39221
39224
39232
39233
39238
39241
39242
39247
39253
39259
39260
39261
39265
39266
39271
39272
39277
39280
39283
39298
39299
39308
39316
39318
39322
39324
39325
39326
39330
39333
39338
39341
39344
39345
39348
39349
39351
39352
39353
39356
39365
39367
39369
39371
39385
39387
39391
39394
39396
39397
39404
39410
39411
39415
39418
39419
39421
39424
39425
39426
39427
39431
39436
39441
39444
39445
39448
39449
39452
39456
39460
39461
39462
39463
39465
39466
39467
39468
39475
39477
39479
39481
39482
39484
39487
39492
39497
39499
39500
39501
39502
39504
39508
39514
39515
39518
39520
39522
39524
39526
39531
39532
39538
39539
39540
39541
39542
39544
39547
39548
39549
39551
39554
39555
39556
39559
39561
39562
39569
39571
39573
39577
39578
39581
39583
39585
39590
39591
39594
39596
39599
39603
39606
39607
39613
39615
39617
39618
39620
39625
39639
39640
39649
39652
39653
39656
39658
39662
39664
39666
39668
39670
39671
39679
39682
39688
39689
39690
39693
39694
39697
39703
39704
39706
39712
39714
39716
39719
39722
39728
39734
39738
39742
39744
39749
39755
39757
39759
39760
39763
39764
39767
39773
39775
39777
39778
39780
39784
39786
39789
39790
39791
39795
39796
39798
39801
39803
39804
39805
39807
39812
39814
39815
39822
39826
39828
39831
39839
39840
39842
39845
39847
39849
39850
39851
39853
39859
39864
39866
39869
39870
39876
39878
39879
39881
39885
39887
39888
39891
39892
39894
39897
39898
39901
39902
39903
39904
39908
39915
39921
39923
39926
39927
39929
39930
39935
39937
39940
39950
39953
39959
39960
39963
39964
39970
39971
39974
39976
39977
39980
39983
39986
39988
39990
39991
39993
39994
39996
39998
40000
40001
40003
40004
40006
40009
40012
40013
40020
40021
40027
40028
40036
40037
40039
40042
40043
40046
40049
40052
40056
40058
40059
40061
40065
40066
40067
40070
40071
40073
40074
40077
40081
40087
40094
40095
40100
40102
40104
40108
40109
40113
40114
40116
40119
40123
40125
40126
40127
40128
40132
40142
40146
40150
40151
40152
40154
40157
40159
40161
40162
40169
40171
40173
40174
40176
40177
40182
40187
40193
40196
40197
40199
40201
40202
40208
40210
40211
40213
40214
40215
40216
40217
40218
40221
40227
40237
40239
40240
40241
40242
40243
40247
40251
40252
40256
40259
40260
40263
40267
40273
40278
40284
40287
40289
40294
40295
40296
40297
40300
40302
40303
40307
40313
40315
40320
40321
40323
40326
40330
40332
40335
40339
40344
40345
40349
40351
40355
40360
40366
40368
40369
40378
40379
40380
40383
40387
40389
40394
40395
40398
40400
40403
40405
40406
40407
40411
40412
40416
40417
40418
40420
40421
40427
40428
40429
40430
40431
40432
40436
40441
40443
40444
40448
40454
40455
40462
40464
40471
40472
40482
40483
40484
40488
40489
40492
40493
40494
40500
40501
40502
40504
40510
40513
40514
40516
40517
40521
40522
40527
40532
40534
40538
40543
40547
40548
40551
40553
40559
40566
40567
40568
40570
40571
40575
40576
40578
40581
40587
40590
40591
40592
40594
40602
40604
40607
40610
40615
40621
40622
40624
40628
40629
40630
40631
40639
40640
40645
40650
40651
40652
40658
40659
40661
40663
40664
40668
40670
40671
40673
40675
40680
40681
40683
40684
40685
40687
40694
40695
40698
40701
40702
40703
40705
40707
40709
40711
40712
40714
40722
40723
40724
40726
40728
40731
40732
40734
40735
40736
40741
40742
40743
40749
40752
40756
40763
40764
40770
40771
40772
40774
40776
40778
40786
40788
40789
40793
40795
40796
40797
40799
40802
40805
40806
40810
40815
40817
40819
40825
40828
40830
40831
40833
40835
40838
40841
40844
40845
40849
40850
40851
40854
40857
40859
40862
40863
40871
40873
40874
40875
40879
40882
40884
40886
40887
40892
40901
40903
40905
40907
40909
40911
40914
40918
40923
40925
40928
40938
40939
40944
40947
40950
40954
40957
40960
40963
40970
40973
40980
40981
40985
40986
40988
40990
40996
40997
40998
41000
41002
41003
41004
41005
41007
41008
41012
41014
41015
41019
41020
41021
41022
41023
41025
41029
41030
41031
41034
41035
41042
41044
41046
41047
41049
41053
41059
41060
41065
41067
41068
41069
41073
41075
41076
41079
41080
41083
41086
41089
41092
41094
41096
41098
41099
41101
41107
41108
41112
41113
41114
41119
41120
41128
41131
41133
41135
41136
41139
41142
41143
41144
41148
41149
41150
41152
41153
41154
41157
41164
41167
41168
41173
41174
41186
41187
41188
41189
41195
41197
41198
41201
41209
41210
41211
41213
41215
41216
41218
41220
41223
41225
41226
41228
41232
41235
41236
41237
41238
41243
41249
41251
41252
41253
41255
41257
41258
41261
41262
41263
41266
41268
41273
41279
41280
41281
41282
41289
41292
41293
41297
41298
41299
41302
41305
41309
41312
41316
41318
41319
41320
41324
41326
41330
41333
41338
41340
41341
41343
41345
41350
41352
41354
41357
41359
41361
41362
41365
41367
41368
41370
41371
41372
41373
41377
41383
41385
41387
41389
41395
41402
41404
41405
41407
41410
41412
41414
41418
41425
41430
41433
41436
41439
41440
41443
41449
41450
41451
41452
41453
41454
41455
41461
41462
41475
41480
41481
41484
41486
41491
41492
41493
41497
41498
41506
41508
41510
41513
41516
41518
41520
41522
41523
41526
41527
41528
41529
41531
41533
41535
41544
41553
41555
41556
41559
41561
41562
41564
41566
41568
41570
41574
41576
41578
41581
41586
41589
41592
41593
41598
41602
41605
41609
41613
41615
41616
41617
41619
41620
41621
41622
41626
41627
41628
41629
41632
41636
41641
41646
41647
41648
41649
41650
41653
41657
41661
41664
41671
41673
41674
41676
41679
41682
41684
41685
41689
41693
41694
41696
41699
41700
41703
41704
41705
41709
41712
41715
41716
41720
41721
41723
41727
41729
41732
41734
41735
41737
41740
41741
41751
41754
41755
41756
41757
41758
41760
41761
41762
41766
41768
41771
41776
41782
41784
41787
41792
41798
41799
41801
41804
41805
41807
41816
41817
41821
41824
41825
41828
41829
41832
41833
41836
41837
41839
41846
41847
41848
41849
41858
41861
41864
41865
41867
41870
41872
41876
41877
41879
41881
41882
41884
41886
41887
41889
41890
41893
41899
41902
41904
41906
41908
41912
41913
41916
41917
41921
41932
41935
41940
41944
41949
41951
41952
41953
41955
41963
41964
41965
41975
41976
41977
41979
41982
41983
41990
41991
41992
41993
42003
42005
42010
42011
42016
42018
42023
42025
42032
42033
42036
42037
42047
42055
42060
42063
42065
42071
42073
42075
42077
42078
42079
42081
42082
42085
42086
42091
42092
42101
42103
42104
42110
42113
42115
42117
42118
42120
42122
42123
42124
42126
42127
42128
42133
42138
42141
42144
42148
42155
42158
42159
42160
42163
42164
42168
42170
42174
42176
42180
42184
42185
42190
42194
42197
42203
42211
42215
42220
42223
42231
42233
42234
42239
42240
42241
42242
42244
42245
42249
42259
42260
42263
42264
42266
42267
42273
42275
42276
42281
42285
42297
42301
42302
42304
42308
42316
42318
42325
42327
42328
42332
42337
42338
42341
42344
42345
42347
42349
42350
42353
42359
42361
42367
42368
42371
42372
42380
42382
42385
42388
42389
42398
42399
42402
42407
42412
42414
42415
42418
42427
42429
42431
42432
42433
42439
42440
42441
42442
42444
42446
42449
42456
42458
42461
42464
42469
42470
42475
42480
42482
42483
42485
42486
42487
42488
42490
42494
42500
42501
42504
42505
42506
42508
42511
42512
42513
42514
42515
42517
42524
42526
42532
42533
42535
42539
42541
42548
42551
42555
42556
42562
42567
42568
42571
42575
42579
42580
42584
42588
42591
42594
42595
42596
42603
42615
42616
42618
42619
42630
42631
42642
42645
42648
42650
42652
42657
42658
42659
42661
42662
42664
42666
42667
42668
42670
42671
42676
42680
42684
42687
42692
42694
42695
42697
42704
42706
42709
42710
42712
42717
42729
42740
42741
42744
42746
42748
42751
42753
42765
42767
42770
42772
42774
42775
42776
42792
42793
42795
42797
42798
42800
42804
42805
42807
42810
42818
42819
42823
42824
42825
42826
42828
42829
42834
42838
42841
42842
42843
42848
42854
42855
42858
42861
42865
42866
42870
42872
42873
42874
42875
42877
42884
42885
42887
42889
42890
42897
42898
42899
42903
42906
42908
42912
42913
42914
42917
42919
42921
42925
42928
42930
42931
42933
42934
42937
42938
42942
42943
42944
42947
42950
42952
42956
42957
42958
42961
42964
42965
42969
42970
42972
42976
42977
42982
42983
42987
42992
42994
42997
43001
43002
43003
43006
43008
43011
43012
43013
43016
43017
43018
43025
43032
43033
43035
43044
43048
43049
43053
43057
43059
43061
43062
43063
43066
43067
43068
43070
43071
43072
43073
43081
43090
43092
43093
43101
43105
43107
43108
43110
43111
43117
43121
43122
43123
43124
43125
43126
43127
43131
43135
43137
43142
43143
43144
43146
43149
43152
43154
43155
43157
43163
43165
43166
43168
43171
43173
43174
43177
43178
43180
43182
43183
43186
43188
43191
43194
43195
43198
43199
43201
43202
43208
43210
43212
43213
43220
43221
43222
43224
43226
43229
43230
43233
43235
43239
43241
43245
43248
43251
43257
43259
43261
43262
43263
43264
43265
43267
43270
43271
43274
43276
43280
43283
43288
43289
43290
43292
43294
43295
43306
43311
43314
43315
43316
43321
43326
43327
43328
43330
43340
43348
43351
43352
43355
43360
43364
43365
43368
43369
43370
43372
43373
43380
43384
43385
43391
43392
43397
43399
43409
43410
43417
43418
43420
43426
43427
43430
43431
43433
43434
43435
43438
43440
43441
43444
43445
43450
43462
43464
43468
43471
43473
43474
43477
43478
43482
43488
43493
43494
43495
43498
43500
43502
43504
43507
43508
43512
43516
43519
43526
43528
43530
43535
43539
43544
43546
43552
43556
43557
43558
43562
43563
43567
43571
43580
43582
43584
43586
43589
43597
43599
43603
43604
43605
43606
43612
43615
43623
43626
43627
43629
43630
43632
43633
43638
43644
43646
43647
43652
43654
43657
43661
43663
43665
43668
43670
43672
43674
43677
43681
43690
43691
43692
43693
43697
43700
43702
43703
43704
43705
43706
43714
43715
43718
43719
43724
43725
43730
43731
43732
43733
43736
43740
43742
43745
43748
43752
43755
43756
43758
43760
43761
43762
43765
43766
43768
43770
43771
43772
43773
43774
43776
43777
43779
43780
43781
43785
43786
43790
43792
43793
43799
43800
43803
43804
43806
43807
43809
43810
43812
43813
43815
43819
43821
43827
43829
43836
43841
43842
43843
43847
43848
43849
43852
43854
43856
43861
43862
43865
43866
43867
43871
43872
43874
43875
43876
43877
43878
43879
43881
43886
43892
43897
43898
43899
43900
43901
43903
43904
43905
43909
43910
43911
43914
43915
43923
43925
43927
43933
43937
43939
43942
43943
43944
43961
43963
43965
43966
43970
43971
43972
43975
43978
43982
43983
43988
43989
43991
43994
43995
43997
44000
44002
44011
44012
44013
44019
44026
44030
44031
44033
44039
44040
44041
44043
44044
44053
44055
44060
44061
44062
44064
44069
44071
44072
44077
44080
44081
44082
44083
44084
44085
44088
44090
44092
44094
44098
44101
44102
44104
44105
44106
44108
44109
44110
44112
44113
44120
44125
44130
44131
44135
44136
44140
44149
44153
44154
44157
44159
44165
44168
44173
44175
44178
44179
44180
44182
44186
44188
44191
44195
44197
44199
44200
44202
44203
44205
44206
44209
44211
44214
