1
5
6
13
15
16
17
18
19
21
33
40
44
47
52
58
60
72
78
85
91
92
93
94
95
96
98
101
102
109
123
126
129
132
138
149
154
155
167
169
173
176
177
185
187
188
189
193
194
197
198
200
201
210
216
220
221
229
230
236
243
248
256
257
261
262
269
271
278
280
286
287
290
303
307
311
316
318
320
323
331
332
334
335
336
340
349
351
359
362
372
374
376
377
378
380
386
387
388
391
393
396
399
400
406
407
408
410
414
424
428
433
437
438
448
456
460
465
466
467
468
473
476
483
494
499
500
508
513
515
516
521
523
524
530
536
542
547
553
555
556
557
559
561
564
567
568
570
572
577
584
586
587
588
592
596
602
615
618
626
630
636
650
651
654
662
683
684
688
689
690
699
701
703
708
712
713
720
722
725
726
727
728
732
733
734
735
739
742
752
753
766
767
771
776
779
780
785
786
787
788
789
794
797
801
802
810
811
816
823
826
827
828
833
834
835
842
847
850
854
857
859
861
873
887
889
891
892
908
910
913
925
928
929
958
966
970
979
980
982
986
992
997
998
1001
1009
1011
1017
1021
1028
1035
1037
1040
1046
1048
1054
1055
1057
1080
1081
1082
1088
1089
1098
1099
1103
1106
1112
1113
1115
1117
1120
1122
1128
1132
1136
1146
1148
1149
1158
1160
1170
1175
1181
1182
1184
1187
1194
1197
1198
1199
1201
1204
1205
1212
1215
1223
1224
1226
1229
1231
1240
1241
1246
1247
1250
1252
1254
1263
1269
1272
1274
1277
1282
1286
1292
1299
1309
1312
1314
1317
1322
1330
1335
1337
1339
1340
1348
1349
1353
1358
1362
1369
1370
1373
1376
1377
1378
1382
1388
1389
1391
1393
1397
1401
1402
1406
1409
1411
1425
1440
1445
1454
1456
1458
1460
1461
1465
1469
1475
1480
1481
1491
1494
1496
1499
1502
1504
1510
1515
1516
1517
1518
1522
1525
1530
1533
1537
1539
1542
1544
1546
1553
1556
1557
1558
1570
1571
1578
1581
1583
1586
1599
1606
1616
1625
1628
1642
1643
1651
1657
1660
1662
1663
1666
1678
1679
1684
1687
1692
1694
1696
1699
1700
1704
1705
1714
1717
1718
1719
1727
1729
1734
1736
1737
1750
1751
1754
1755
1758
1759
1762
1766
1770
1771
1772
1774
1779
1783
1785
1788
1791
1795
1796
1797
1800
1805
1809
1810
1811
1812
1813
1814
1822
1825
1826
1828
1832
1840
1843
1849
1853
1855
1856
1864
1867
1869
1876
1880
1881
1884
1886
1896
1897
1903
1912
1914
1920
1927
1930
1934
1936
1940
1943
1945
1952
1953
1954
1966
1968
1973
1982
1988
1990
1995
1996
1997
2005
2006
2007
2008
2012
2013
2015
2021
2022
2024
2027
2030
2033
2036
2043
2052
2061
2062
2083
2084
2085
2092
2094
2095
2100
2102
2103
2104
2116
2120
2127
2128
2130
2132
2134
2146
2152
2156
2161
2171
2173
2176
2179
2183
2185
2189
2191
2192
2203
2206
2218
2226
2231
2238
2241
2246
2248
2249
2250
2252
2259
2262
2263
2268
2273
2274
2278
2279
2280
2281
2283
2287
2293
2297
2300
2310
2321
2327
2332
2342
2343
2344
2347
2348
2357
2358
2362
2367
2368
2371
2380
2402
2404
2410
2411
2412
2416
2422
2425
2426
2431
2433
2443
2449
2452
2457
2458
2460
2470
2476
2482
2485
2488
2491
2495
2506
2510
2512
2515
2520
2525
2529
2539
2540
2546
2550
2552
2556
2558
2562
2565
2570
2573
2579
2580
2582
2583
2585
2588
2593
2594
2602
2605
2607
2608
2609
2610
2613
2617
2620
2624
2633
2638
2640
2641
2645
2646
2652
2654
2655
2659
2664
2671
2673
2674
2675
2678
2683
2688
2692
2694
2698
2702
2712
2713
2716
2721
2756
2760
2761
2764
2766
2773
2781
2782
2788
2795
2804
2811
2815
2820
2821
2826
2830
2848
2855
2856
2867
2868
2884
2886
2892
2897
2903
2910
2917
2921
2924
2927
2929
2934
2937
2945
2952
2957
2960
2963
2965
2967
2977
2979
2982
2983
2986
2991
2992
2999
3000
3003
3004
3005
3017
3018
3019
3023
3032
3033
3041
3056
3060
3063
3073
3080
3087
3089
3091
3092
3097
3099
3104
3108
3111
3114
3118
3121
3127
3130
3134
3145
3147
3154
3155
3161
3171
3173
3176
3187
3191
3198
3200
3203
3206
3211
3216
3227
3229
3248
3251
3252
3253
3254
3260
3263
3272
3278
3280
3283
3305
3317
3321
3334
3335
3336
3337
3347
3358
3360
3365
3367
3371
3373
3375
3379
3386
3391
3396
3398
3400
3406
3409
3410
3415
3423
3430
3439
3454
3455
3460
3461
3466
3467
3468
3471
3473
3480
3483
3484
3487
3488
3507
3509
3513
3515
3517
3534
3537
3547
3551
3552
3554
3555
3557
3562
3565
3569
3578
3579
3583
3584
3588
3592
3598
3599
3606
3609
3610
3614
3616
3619
3620
3623
3624
3627
3631
3632
3640
3643
3647
3648
3649
3650
3651
3658
3660
3667
3670
3671
3674
3683
3691
3697
3702
3713
3717
3720
3722
3724
3727
3733
3737
3751
3763
3765
3766
3776
3781
3782
3786
3787
3788
3789
3803
3813
3815
3821
3826
3832
3837
3845
3846
3847
3849
3855
3857
3865
3866
3874
3881
3887
3889
3892
3897
3899
3909
3912
3915
3916
3928
3929
3930
3935
3937
3939
3941
3945
3953
3954
3962
3964
3979
3986
3993
4002
4003
4017
4018
4021
4023
4025
4029
4030
4033
4034
4037
4039
4042
4045
4052
4054
4062
4065
4070
4071
4073
4076
4081
4082
4086
4090
4091
4096
4110
4112
4115
4116
4121
4125
4126
4138
4145
4148
4151
4159
4161
4162
4164
4169
4177
4178
4179
4182
4184
4188
4190
4195
4196
4198
4207
4215
4216
4221
4229
4232
4237
4248
4250
4252
4256
4260
4276
4279
4280
4281
4283
4289
4290
4291
4301
4309
4319
4326
4328
4341
4342
4347
4352
4353
4354
4363
4371
4381
4388
4390
4391
4393
4394
4398
4407
4415
4416
4420
4423
4429
4435
4439
4442
4454
4457
4461
4462
4467
4470
4472
4473
4474
4475
4487
4491
4493
4494
4497
4500
4506
4523
4535
4537
4540
4541
4542
4546
4552
4553
4555
4556
4563
4568
4573
4574
4582
4591
4594
4596
4607
4614
4615
4616
4617
4618
4622
4630
4640
4641
4642
4647
4658
4659
4660
4662
4663
4679
4687
4692
4701
4704
4708
4711
4728
4729
4730
4735
4739
4744
4754
4755
4756
4760
4762
4765
4768
4773
4777
4779
4780
4785
4797
4803
4805
4812
4816
4821
4823
4824
4825
4827
4833
4834
4836
4841
4848
4850
4852
4866
4867
4882
4892
4897
4898
4902
4903
4905
4906
4912
4925
4926
4929
4932
4935
4937
4940
4941
4942
4943
4949
4952
4959
4961
4962
4966
4969
4977
4981
4989
4993
4994
4995
5002
5010
5012
5013
5023
5030
5035
5037
5040
5044
5046
5050
5056
5059
5066
5067
5069
5072
5075
5085
5095
5100
5104
5105
5111
5115
5122
5128
5131
5132
5135
5143
5159
5160
5163
5172
5174
5176
5179
5185
5196
5199
5206
5208
5209
5221
5224
5228
5229
5232
5237
5239
5242
5243
5249
5256
5259
5260
5264
5265
5266
5268
5279
5280
5299
5303
5306
5307
5318
5323
5325
5328
5335
5337
5338
5339
5341
5342
5344
5352
5357
5359
5365
5367
5374
5378
5386
5391
5393
5407
5417
5425
5427
5432
5437
5455
5461
5464
5467
5481
5483
5484
5492
5500
5505
5506
5513
5518
5519
5520
5529
5540
5541
5542
5543
5544
5552
5554
5559
5561
5573
5577
5585
5587
5591
5592
5604
5613
5628
5634
5643
5648
5650
5657
5658
5663
5665
5672
5675
5676
5677
5680
5681
5682
5683
5684
5687
5693
5703
5711
5715
5716
5721
5730
5732
5733
5738
5746
5750
5761
5764
5766
5772
5781
5782
5783
5786
5800
5801
5802
5808
5813
5817
5822
5827
5828
5829
5830
5834
5836
5839
5850
5860
5862
5875
5876
5878
5880
5890
5893
5898
5899
5900
5901
5907
5908
5912
5914
5920
5922
5925
5928
5929
5933
5940
5941
5943
5947
5948
5950
5951
5956
5961
5962
5963
5964
5965
5968
5974
5975
5976
5979
5982
5991
5993
5999
6000
6006
6012
6013
6016
6018
6020
6031
6032
6043
6050
6055
6057
6059
6064
6066
6067
6075
6077
6084
6087
6089
6094
6097
6101
6102
6107
6114
6118
6120
6132
6135
6140
6143
6145
6146
6147
6149
6151
6161
6170
6171
6173
6176
6178
6183
6196
6198
6199
6203
6205
6207
6210
6214
6221
6230
6234
6239
6246
6248
6253
6254
6260
6261
6262
6266
6267
6268
6269
6278
6281
6282
6287
6298
6303
6304
6311
6315
6318
6319
6320
6329
6330
6331
6337
6340
6343
6345
6346
6352
6359
6361
6362
6363
6368
6369
6374
6389
6391
6405
6408
6412
6413
6415
6417
6423
6435
6439
6443
6446
6447
6450
6454
6457
6460
6461
6467
6469
6470
6486
6490
6509
6511
6513
6514
6516
6517
6518
6519
6522
6530
6538
6546
6547
6549
6550
6553
6555
6558
6567
6569
6570
6583
6586
6590
6596
6604
6606
6617
6625
6644
6650
6655
6656
6658
6661
6677
6681
6703
6713
6714
6720
6722
6725
6731
6738
6741
6744
6748
6751
6757
6763
6769
6770
6772
6774
6775
6777
6778
6779
6780
6787
6794
6808
6812
6815
6816
6820
6825
6853
6855
6859
6861
6864
6868
6869
6873
6874
6878
6889
6897
6899
6902
6907
6909
6911
6912
6913
6921
6923
6937
6942
6953
6958
6959
6963
6965
6972
6975
6977
6978
6992
6993
7002
7003
7014
7015
7027
7028
7035
7036
7059
7062
7068
7069
7074
7077
7078
7081
7083
7089
7095
7097
7098
7101
7108
7109
7110
7112
7114
7115
7118
7123
7126
7127
7130
7136
7139
7140
7143
7146
7159
7165
7166
7172
7173
7176
7177
7186
7190
7191
7194
7195
7198
7200
7202
7210
7217
7231
7233
7238
7242
7258
7262
7265
7268
7269
7282
7284
7291
7296
7298
7301
7303
7305
7307
7311
7317
7320
7321
7325
7328
7334
7344
7349
7353
7355
7360
7361
7363
7365
7369
7383
7384
7395
7397
7414
7416
7421
7426
7431
7438
7444
7445
7446
7460
7462
7464
7466
7469
7479
7482
7489
7506
7507
7509
7510
7516
7523
7525
7527
7528
7534
7535
7547
7548
7559
7560
7562
7569
7573
7577
7579
7582
7590
7591
7593
7605
7606
7623
7624
7636
7638
7639
7648
7650
7663
7667
7671
7677
7680
7687
7689
7690
7691
7692
7700
7701
7704
7708
7712
7720
7725
7741
7743
7745
7749
7751
7755
7756
7759
7760
7773
7778
7785
7791
7793
7794
7795
7796
7805
7806
7816
7821
7836
7840
7844
7847
7850
7859
7868
7869
7871
7872
7873
7874
7883
7884
7888
7890
7892
7893
7902
7916
7917
7921
7924
7927
7931
7934
7935
7936
7941
7945
7949
7955
7958
7961
7962
7968
7975
7983
7985
7986
7988
7990
8003
8007
8008
8015
8020
8021
8026
8034
8056
8059
8074
8079
8083
8089
8096
8100
8101
8105
8109
8114
8119
8121
8128
8144
8145
8146
8150
8151
8154
8159
8160
8161
8168
8177
8181
8186
8188
8190
8194
8195
8200
8202
8211
8213
8231
8234
8243
8247
8250
8252
8253
8257
8258
8259
8267
8269
8271
8278
8279
8281
8282
8288
8289
8290
8291
8292
8297
8303
8307
8310
8314
8322
8324
8338
8340
8344
8345
8365
8368
8371
8378
8382
8383
8384
8388
8393
8399
8400
8401
8417
8422
8424
8426
8431
8432
8435
8437
8438
8448
8450
8455
8460
8467
8470
8472
8473
8474
8482
8485
8489
8494
8496
8498
8499
8505
8513
8517
8528
8529
8533
8535
8536
8540
8541
8547
8555
8557
8558
8561
8562
8568
8570
8577
8590
8595
8598
8611
8612
8613
8614
8625
8627
8628
8633
8635
8639
8648
8651
8652
8654
8656
8662
8664
8686
8697
8707
8708
8711
8714
8717
8719
8730
8745
8749
8757
8767
8772
8778
8781
8784
8786
8794
8796
8798
8802
8820
8825
8826
8827
8828
8830
8832
8844
8846
8847
8851
8852
8866
8872
8873
8882
8888
8889
8893
8904
8905
8906
8907
8910
8911
8913
8914
8915
8921
8924
8925
8927
8929
8931
8933
8935
8936
8937
8940
8941
8943
8947
8953
8960
8962
8965
8967
8971
8973
8975
8978
8990
8997
8999
9007
9009
9017
9020
9025
9029
9042
9046
9053
9058
9060
9061
9067
9068
9072
9077
9082
9088
9093
9096
9098
9099
9102
9106
9109
9117
9122
9128
9130
9135
9140
9141
9145
9146
9150
9154
9166
9170
9172
9175
9179
9180
9182
9190
9197
9202
9214
9229
9237
9243
9247
9249
9254
9259
9270
9289
9294
9297
9298
9299
9305
9310
9312
9314
9338
9339
9347
9362
9368
9369
9372
9385
9390
9392
9397
9398
9400
9401
9403
9404
9406
9412
9423
9424
9427
9443
9445
9446
9448
9454
9455
9459
9460
9461
9462
9463
9465
9469
9471
9473
9475
9485
9486
9487
9494
9498
9504
9505
9518
9523
9529
9530
9531
9534
9536
9537
9539
9542
9545
9547
9548
9549
9553
9555
9557
9558
9560
9563
9567
9570
9572
9575
9582
9585
9586
9595
9597
9600
9602
9604
9605
9612
9613
9630
9632
9637
9638
9651
9654
9660
9661
9663
9664
9666
9667
9675
9678
9687
9693
9695
9697
9698
9702
9704
9707
9708
9721
9725
9726
9729
9730
9731
9740
9755
9762
9765
9771
9774
9780
9782
9789
9792
9795
9798
9804
9807
9809
9817
9818
9820
9823
9824
9828
9829
9835
9842
9846
9849
9853
9862
9865
9867
9869
9871
9872
9874
9878
9885
9892
9893
9903
9906
9907
9913
9930
9931
9941
9943
9946
9948
9950
9966
9972
9974
9976
9994
9999
10001
10009
10010
10011
10015
10017
10019
10026
10037
10053
10059
10062
10065
10069
10073
10074
10076
10083
10093
10094
10096
10099
10101
10106
10108
10122
10127
10131
10132
10135
10140
10145
10150
10151
10154
10164
10167
10196
10198
10199
10204
10205
10212
10217
10220
10233
10235
10238
10239
10243
10247
10256
10258
10263
10268
10269
10273
10276
10279
10283
10290
10294
10298
10303
10313
10320
10322
10323
10324
10326
10328
10332
10343
10349
10354
10356
10359
10360
10369
10373
10380
10389
10392
10397
10398
10403
10404
10409
10412
10414
10422
10425
10428
10432
10433
10448
10450
10463
10467
10470
10472
10473
10489
10491
10499
10502
10504
10505
10510
10524
10531
10535
10546
10549
10563
10564
10573
10576
10579
10581
10583
10590
10595
10597
10599
10605
10613
10615
10616
10629
10631
10642
10643
10645
10646
10650
10653
10659
10668
10674
10676
10678
10679
10681
10683
10686
10697
10698
10701
10715
10717
10719
10728
10733
10736
10737
10741
10742
10743
10750
10752
10754
10758
10759
10760
10764
10765
10769
10778
10783
10784
10788
10796
10802
10808
10810
10812
10822
10836
10842
10844
10846
10849
10860
10863
10867
10881
10911
10912
10921
10923
10932
10934
10940
10942
10945
10952
10967
10978
10979
10982
10988
10990
10991
10999
11003
11007
11014
11021
11022
11024
11029
11030
11032
11040
11049
11055
11057
11059
11065
11070
11076
11078
11081
11087
11110
11118
11119
11126
11132
11138
11140
11146
11147
11150
11152
11153
11154
11157
11158
11169
11177
11181
11186
11187
11193
11198
11201
11207
11210
11211
11217
11220
11233
11235
11238
11255
11266
11267
11269
11271
11274
11285
11297
11300
11308
11309
11312
11316
11317
11319
11321
11322
11326
11328
11335
11336
11339
11340
11341
11343
11352
11354
11356
11357
11365
11370
11374
11392
11409
11410
11414
11425
11426
11427
11428
11431
11432
11435
11436
11438
11444
11448
11450
11453
11454
11457
11462
11465
11468
11469
11471
11474
11476
11479
11490
11492
11497
11507
11512
11519
11525
11534
11539
11542
11544
11551
11556
11565
11566
11577
11578
11579
11583
11584
11586
11588
11591
11607
11613
11614
11617
11620
11621
11628
11630
11637
11639
11642
11646
11648
11650
11655
11656
11668
11672
11677
11684
11692
11704
11707
11710
11725
11727
11732
11733
11734
11736
11737
11739
11751
11756
11768
11790
11793
11796
11802
11808
11811
11816
11819
11823
11826
11830
11845
11847
11851
11858
11861
11865
11867
11874
11877
11878
11883
11897
11898
11903
11906
11910
11913
11915
11923
11928
11951
11953
11966
11967
11968
11976
11979
11986
11988
11995
11999
12010
12012
12018
12023
12026
12030
12031
12034
12042
12053
12056
12067
12070
12072
12073
12074
12079
12083
12085
12094
12096
12097
12109
12116
12120
12123
12125
12127
12133
12145
12148
12158
12159
12162
12172
12175
12177
12185
12190
12198
12199
12202
12204
12205
12209
12210
12212
12213
12215
12216
12217
12220
12241
12242
12248
12253
12262
12268
12273
12274
12277
12283
12293
12295
12296
12297
12300
12301
12302
12303
12305
12306
12309
12312
12316
12317
12329
12330
12335
12338
12341
12343
12352
12355
12357
12363
12365
12369
12370
12372
12373
12378
12379
12380
12388
12389
12391
12392
12398
12400
12404
12405
12410
12412
12413
12417
12427
12428
12431
12432
12434
12437
12439
12440
12441
12443
12444
12445
12450
12463
12465
12466
12468
12470
12471
12478
12484
12486
12489
12498
12500
12505
12507
12510
12518
12528
12529
12537
12539
12552
12561
12563
12564
12570
12571
12575
12578
12581
12595
12600
12614
12615
12623
12634
12638
12639
12641
12646
12648
12664
12668
12673
12698
12704
12710
12712
12720
12721
12724
12732
12736
12737
12742
12745
12749
12751
12762
12763
12764
12768
12771
12772
12774
12778
12781
12786
12800
12801
12805
12807
12821
12823
12825
12827
12828
12830
12831
12837
12841
12843
12845
12846
12850
12851
12854
12858
12861
12862
12866
12870
12873
12874
12881
12893
12894
12896
12901
12904
12905
12908
12916
12917
12930
12936
12938
12940
12945
12948
12955
12959
12962
12974
12975
12985
12986
12998
13001
13002
13007
13021
13022
13026
13030
13051
13055
13060
13062
13067
13070
13081
13084
13088
13091
13099
13100
13103
13111
13114
13119
13123
13127
13128
13134
13139
13141
13142
13145
13153
13164
13169
13170
13175
13179
13181
13185
13186
13187
13188
13194
13200
13203
13212
13222
13231
13232
13242
13245
13247
13252
13258
13261
13272
13274
13280
13282
13285
13295
13296
13298
13307
13318
13320
13321
13324
13325
13329
13339
13341
13343
13345
13346
13351
13358
13366
13378
13379
13380
13392
13396
13400
13401
13402
13405
13412
13413
13417
13420
13429
13430
13433
13439
13441
13442
13447
13449
13450
13451
13457
13463
13465
13469
13470
13471
13476
13480
13483
13485
13488
13491
13492
13504
13507
13509
13519
13526
13527
13531
13534
13541
13542
13553
13554
13559
13560
13567
13570
13572
13573
13581
13582
13583
13585
13586
13589
13592
13594
13596
13598
13606
13610
13611
13614
13616
13626
13632
13637
13662
13663
13665
13666
13670
13672
13674
13676
13677
13678
13680
13683
13685
13686
13690
13692
13695
13702
13704
13706
13709
13711
13715
13716
13725
13727
13728
13736
13737
13741
13742
13746
13757
13764
13768
13769
13773
13777
13782
13786
13794
13799
13800
13807
13815
13829
13832
13833
13836
13838
13839
13841
13848
13859
13860
13861
13872
13874
13877
13880
13882
13886
13889
13890
13894
13897
13903
13907
13908
13914
13919
13920
13930
13931
13932
13934
13935
13940
13943
13950
13952
13953
13960
13962
13966
13968
13978
13982
13988
13989
13993
13995
14011
14014
14017
14018
14020
14024
14025
14030
14034
14035
14040
14047
14051
14053
14054
14064
14072
14073
14074
14078
14094
14100
14101
14106
14108
14109
14110
14117
14118
14124
14133
14135
14142
14144
14151
14153
14154
14155
14162
14165
14170
14174
14175
14181
14189
14196
14207
14216
14232
14233
14234
14235
14237
14241
14247
14256
14257
14258
14259
14264
14270
14276
14278
14289
14294
14301
14302
14309
14313
14314
14317
14318
14323
14327
14328
14331
14334
14336
14337
14341
14343
14345
14349
14350
14352
14358
14359
14360
14361
14365
14370
14373
14383
14391
14397
14401
14408
14409
14411
14414
14418
14424
14425
14426
14427
14436
14445
14447
14450
14454
14462
14480
14483
14489
14493
14497
14501
14503
14510
14512
14518
14520
14528
14532
14534
14535
14541
14546
14551
14554
14567
14570
14575
14580
14581
14589
14591
14595
14596
14598
14600
14610
14622
14631
14638
14641
14645
14647
14652
14654
14656
14657
14663
14669
14671
14675
14685
14687
14689
14694
14695
14696
14698
14707
14712
14719
14724
14725
14731
14734
14744
14747
14748
14757
14759
14760
14766
14768
14782
14787
14795
14796
14799
14810
14815
14820
14822
14829
14833
14837
14841
14847
14848
14859
14860
14862
14867
14868
14871
14873
14874
14879
14880
14881
14882
14887
14891
14892
14894
14905
14908
14910
14917
14918
14926
14929
14932
14933
14934
14935
14943
14948
14954
14967
14968
14972
14973
14975
14976
14981
14997
14998
15002
15004
15007
15009
15010
15015
15023
15025
15028
15032
15035
15036
15060
15063
15068
15069
15072
15074
15078
15082
15085
15090
15097
15099
15109
15114
15118
15124
15125
15127
15130
15135
15137
15141
15146
15147
15148
15149
15160
15161
15162
15171
15177
15178
15183
15184
15188
15192
15205
15213
15219
15220
15237
15239
15240
15242
15246
15248
15251
15253
15261
15262
15265
15266
15269
15277
15283
15292
15298
15299
15301
15303
15305
15306
15307
15308
15309
15312
15313
15320
15323
15324
15325
15327
15338
15346
15348
15352
15361
15362
15364
15367
15371
15374
15375
15381
15383
15391
15398
15401
15407
15415
15416
15418
15423
15428
15431
15434
15441
15448
15456
15457
15459
15461
15464
15466
15471
15477
15479
15481
15488
15490
15497
15506
15514
15515
15519
15527
15528
15531
15544
15545
15547
15549
15572
15575
15576
15580
15582
15583
15585
15594
15595
15599
15601
15605
15609
15610
15622
15623
15634
15658
15660
15662
15669
15674
15675
15679
15680
15682
15684
15685
15686
15687
15699
15704
15709
15710
15716
15719
15723
15727
15728
15729
15731
15734
15751
15754
15766
15768
15771
15773
15776
15777
15783
15788
15789
15790
15792
15801
15803
15804
15806
15810
15813
15815
15818
15820
15821
15824
15833
15839
15841
15847
15850
15855
15857
15860
15874
15877
15881
15884
15885
15888
15892
15910
15917
15919
15925
15934
15940
15949
15952
15956
15959
15960
15961
15965
15976
15990
15991
15993
15995
15996
15999
16004
16009
16014
16023
16035
16038
16040
16052
16053
16067
16073
16074
16079
16080
16087
16088
16091
16093
16094
16095
16100
16103
16104
16110
16112
16124
16130
16136
16138
16140
16143
16153
16157
16161
16164
16167
16168
16171
16185
16187
16190
16191
16192
16201
16205
16206
16207
16213
16228
16233
16234
16235
16236
16248
16249
16252
16261
16263
16266
16268
16271
16273
16275
16276
16279
16281
16283
16290
16296
16300
16301
16307
16310
16317
16329
16335
16336
16340
16343
16351
16352
16353
16355
16358
16359
16360
16367
16368
16369
16370
16382
16384
16392
16394
16400
16404
16406
16413
16414
16420
16424
16436
16448
16452
16453
16455
16458
16459
16462
16464
16465
16466
16469
16470
16471
16472
16480
16481
16486
16489
16495
16502
16507
16517
16518
16520
16526
16527
16531
16537
16538
16539
16543
16547
16549
16551
16554
16562
16573
16578
16585
16587
16588
16595
16603
16619
16621
16629
16634
16636
16651
16657
16660
16661
16666
16669
16672
16679
16681
16682
16696
16702
16706
16708
16711
16712
16713
16733
16740
16743
16752
16753
16754
16758
16768
16771
16775
16776
16786
16787
16793
16795
16796
16798
16799
16800
16801
16824
16826
16830
16832
16835
16838
16842
16844
16846
16858
16870
16874
16875
16877
16883
16885
16887
16893
16894
16898
16900
16904
16905
16913
16925
16935
16936
16941
16943
16944
16945
16958
16965
16966
16967
16968
16973
16976
16979
16987
16993
16999
17001
17004
17007
17009
17010
17014
17018
17021
17036
17039
17040
17043
17046
17050
17054
17057
17061
17063
17064
17067
17071
17072
17074
17075
17081
17088
17094
17095
17098
17102
17104
17105
17109
17111
17113
17115
17116
17118
17121
17122
17124
17126
17130
17131
17137
17138
17146
17149
17154
17158
17165
17170
17175
17176
17177
17178
17179
17182
17185
17188
17189
17191
17194
17195
17197
17201
17206
17225
17228
17229
17230
17231
17236
17238
17242
17243
17244
17249
17253
17255
17256
17263
17268
17269
17272
17273
17274
17275
17276
17278
17279
17280
17284
17285
17287
17288
17290
17291
17293
17296
17298
17301
17304
17306
17314
17315
17324
17327
17328
17340
17342
17345
17364
17367
17372
17375
17380
17384
17386
17407
17416
17417
17418
17424
17428
17435
17439
17442
17444
17445
17460
17463
17470
17473
17478
17485
17488
17489
17491
17505
17507
17509
17510
17511
17516
17521
17522
17523
17524
17528
17529
17531
17532
17546
17548
17554
17559
17565
17572
17575
17579
17592
17597
17600
17601
17614
17619
17623
17624
17638
17639
17641
17643
17649
17655
17657
17659
17661
17675
17689
17698
17700
17702
17703
17718
17723
17724
17725
17728
17731
17740
17744
17750
17751
17760
17771
17775
17779
17780
17787
17796
17807
17808
17812
17817
17818
17820
17822
17824
17827
17831
17832
17840
17841
17842
17844
17847
17851
17853
17854
17861
17872
17874
17875
17880
17881
17884
17885
17886
17893
17897
17898
17901
17906
17908
17912
17914
17919
17922
17925
17926
17928
17942
17953
17956
17973
17976
17977
17978
17979
17984
17986
17989
17991
17992
17995
17998
18001
18003
18005
18010
18023
18028
18030
18035
18039
18052
18053
18060
18061
18063
18067
18070
18072
18074
18078
18084
18088
18090
18091
18094
18102
18104
18107
18110
18112
18113
18115
18121
18140
18141
18145
18151
18155
18157
18169
18171
18177
18179
18182
18189
18198
18205
18208
18209
18211
18213
18218
18221
18222
18223
18229
18230
18231
18233
18235
18241
18242
18243
18245
18246
18260
18267
18273
18279
18280
18281
18291
18305
18306
18309
18311
18319
18321
18329
18331
18339
18341
18344
18348
18349
18353
18355
18361
18367
18370
18375
18380
18383
18384
18385
18389
18398
18417
18418
18421
18427
18428
18432
18433
18434
18436
18443
18446
18452
18454
18458
18460
18461
18469
18473
18479
18480
18484
18489
18504
18505
18506
18509
18511
18513
18519
18527
18532
18535
18538
18543
18546
18550
18557
18559
18570
18581
18583
18600
18602
18609
18623
18625
18634
18638
18640
18641
18642
18643
18644
18653
18654
18655
18656
18670
18678
18681
18682
18689
18694
18695
18699
18708
18715
18717
18721
18724
18726
18729
18735
18736
18738
18740
18742
18750
18754
18755
18756
18763
18772
18774
18775
18778
18780
18784
18787
18789
18821
18822
18826
18829
18830
18831
18835
18836
18837
18839
18845
18847
18848
18852
18854
18855
18857
18860
18863
18865
18869
18873
18878
18884
18890
18898
18900
18902
18905
18908
18909
18918
18920
18921
18923
18925
18936
18938
18939
18951
18958
18962
18966
18968
18971
18973
18976
18979
18980
18985
18988
18990
18996
19007
19009
19010
19011
19021
19024
19028
19029
19043
19045
19050
19060
19061
19062
19067
19070
19071
19074
19078
19081
19086
19096
19106
19108
19116
19121
19124
19133
19140
19147
19148
19155
19156
19159
19161
19172
19173
19185
19186
19187
19191
19196
19197
19208
19216
19220
19223
19224
19240
19243
19244
19248
19257
19261
19268
19273
19288
19310
19313
19315
19318
19322
19324
19325
19331
19339
19340
19342
19343
19345
19348
19354
19357
19359
19361
19362
19365
19370
19371
19386
19390
19398
19400
19402
19404
19405
19406
19410
19415
19422
19427
19431
19432
19434
19443
19446
19448
19449
19450
19455
19456
19473
19474
19479
19485
19487
19495
19496
19500
19506
19512
19513
19514
19515
19517
19519
19536
19538
19544
19546
19548
19561
19566
19568
19571
19573
19576
19578
19581
19586
19589
19593
19600
19604
19606
19611
19617
19618
19624
19625
19628
19629
19633
19634
19637
19652
19653
19659
19663
19664
19666
19677
19679
19684
19686
19687
19697
19705
19707
19708
19713
19714
19715
19718
19724
19726
19729
19738
19739
19741
19748
19749
19753
19761
19763
19764
19765
19767
19768
19771
19772
19774
19785
19795
19798
19800
19806
19815
19817
19818
19820
19821
19831
19837
19839
19843
19844
19845
19851
19858
19860
19868
19872
19876
19885
19894
19897
19898
19899
19906
19910
19912
19916
19918
19919
19942
19944
19956
19962
19966
19970
19974
19981
19985
19993
20003
20004
20006
20008
20014
20016
20020
20023
20024
20028
20029
20030
20033
20037
20039
20042
20043
20044
20049
20057
20064
20069
20070
20074
20075
20076
20079
20081
20086
20087
20088
20093
20094
20098
20102
20115
20118
20128
20137
20146
20156
20157
20159
20161
20162
20163
20167
20168
20171
20176
20180
20182
20184
20190
20199
20201
20203
20209
20210
20213
20223
20225
20226
20229
20236
20238
20248
20250
20256
20261
20266
20273
20277
20278
20283
20290
20291
20294
20296
20297
20300
20302
20305
20308
20315
20335
20336
20339
20342
20354
20359
20361
20366
20373
20383
20384
20386
20392
20397
20401
20405
20411
20417
20421
20430
20431
20433
20435
20450
20461
20462
20465
20466
20467
20468
20472
20478
20480
20481
20494
20496
20498
20507
20509
20511
20512
20515
20524
20527
20545
20551
20553
20554
20555
20556
20568
20569
20571
20574
20576
20577
20578
20590
20593
20598
20605
20606
20610
20615
20620
20621
20622
20626
20627
20630
20632
20636
20643
20644
20649
20651
20670
20676
20677
20682
20685
20688
20692
20693
20696
20697
20698
20699
20704
20709
20712
20717
20726
20732
20734
20738
20744
20750
20752
20756
20758
20768
20770
20774
20778
20787
20791
20805
20814
20815
20827
20836
20854
20855
20856
20859
20860
20867
20869
20872
20877
20879
20880
20882
20884
20886
20889
20890
20894
20895
20902
20904
20915
20916
20938
20940
20942
20945
20949
20960
20983
20984
20985
20986
20988
20989
20994
21005
21006
21008
21017
21033
21034
21038
21039
21040
21050
21052
21054
21057
21059
21061
21065
21067
21070
21075
21081
21086
21097
21098
21104
21106
21107
21114
21119
21123
21125
21140
21142
21144
21146
21148
21152
21153
21160
21170
21171
21178
21195
21196
21213
21217
21218
21220
21223
21225
21228
21230
21241
21248
21249
21250
21251
21262
21265
21268
21276
21287
21289
21293
21294
21296
21303
21304
21306
21314
21329
21336
21339
21341
21346
21349
21353
21354
21356
21361
21369
21370
21371
21373
21384
21386
21387
21388
21390
21391
21392
21398
21400
21406
21409
21412
21413
21415
21427
21438
21439
21441
21443
21454
21469
21473
21476
21481
21493
21496
21503
21504
21505
21507
21514
21516
21525
21533
21535
21539
21546
21555
21562
21573
21577
21581
21595
21597
21598
21604
21613
21614
21617
21622
21623
21625
21636
21637
21639
21640
21647
21648
21655
21660
21661
21667
21669
21675
21678
21681
21683
21685
21687
21688
21692
21699
21700
21702
21703
21708
21709
21717
21718
21723
21726
21730
21748
21753
21754
21760
21762
21764
21767
21777
21778
21781
21788
21790
21791
21793
21798
21803
21810
21811
21820
21821
21822
21827
21828
21837
21842
21843
21844
21852
21867
21869
21870
21880
21884
21889
21890
21903
21908
21914
21915
21916
21918
21921
21924
21925
21932
21939
21945
21951
21953
21963
21974
21978
21980
21984
21985
21990
21992
21998
21999
22003
22007
22008
22018
22030
22033
22037
22041
22048
22050
22052
22054
22055
22068
22070
22074
22076
22078
22082
22086
22092
22093
22094
22099
22104
22108
22115
22123
22127
22130
22134
22142
22143
22147
22148
22149
22152
22157
22167
22169
22171
22179
22183
22198
22200
22201
22202
22207
22221
22231
22234
22235
22240
22249
22250
22251
22252
22255
22258
22259
22260
22261
22262
22265
22266
22268
22270
22273
22277
22289
22290
22291
22294
22295
22301
22303
22305
22310
22311
22313
22314
22315
22318
22327
22329
22331
22332
22333
22339
22348
22349
22350
22356
22366
22368
22372
22376
22378
22380
22398
22404
22406
22410
22411
22418
22427
22431
22435
22440
22443
22445
22449
22451
22453
22454
22459
22460
22462
22466
22468
22470
22475
22476
22481
22482
22489
22490
22493
22494
22495
22499
22501
22513
22528
22533
22534
22535
22537
22540
22547
22552
22580
22586
22587
22589
22590
22598
22601
22603
22612
22618
22622
22624
22633
22635
22638
22642
22649
22655
22661
22663
22670
22675
22687
22689
22693
22700
22701
22706
22710
22719
22720
22722
22731
22739
22743
22744
22745
22750
22754
22761
22762
22763
22766
22769
22776
22777
22785
22787
22802
22817
22820
22821
22845
22852
22853
22854
22857
22863
22865
22872
22874
22881
22883
22889
22890
22894
22901
22906
22912
22918
22920
22923
22930
22931
22932
22935
22936
22944
22957
22962
22970
22983
22990
22992
22993
23002
23016
23017
23018
23028
23030
23038
23042
23052
23054
23061
23063
23066
23072
23074
23075
23076
23077
23080
23084
23088
23090
23104
23105
23108
23112
23116
23117
23125
23133
23144
23147
23153
23155
23159
23162
23168
23178
23185
23188
23189
23190
23191
23201
23204
23205
23208
23210
23211
23212
23213
23220
23228
23246
23252
23253
23264
23270
23275
23282
23283
23289
23290
23296
23302
23303
23310
23313
23320
23322
23332
23333
23337
23339
23342
23344
23347
23353
23360
23369
23370
23374
23376
23378
23388
23391
23400
23404
23405
23409
23420
23421
23432
23434
23435
23439
23440
23445
23448
23449
23455
23456
23462
23467
23469
23471
23472
23473
23475
23481
23485
23488
23491
23493
23499
23502
23506
23508
23509
23511
23512
23514
23515
23518
23521
23524
23527
23529
23536
23537
23542
23544
23545
23546
23551
23553
23559
23560
23563
23566
23567
23573
23576
23578
23582
23586
23597
23605
23611
23614
23617
23618
23619
23622
23632
23637
23640
23643
23644
23653
23659
23661
23662
23666
23671
23673
23677
23679
23681
23687
23690
23691
23697
23698
23703
23715
23716
23718
23719
23721
23724
23729
23732
23738
23742
23743
23744
23745
23748
23754
23755
23762
23763
23764
23766
23773
23778
23779
23780
23781
23785
23786
23787
23789
23792
23793
23795
23799
23801
23809
23812
23819
23827
23828
23832
23840
23841
23844
23848
23850
23858
23865
23869
23872
23873
23874
23876
23877
23884
23885
23904
23909
23915
23916
23918
23923
23924
23925
23927
23933
23935
23937
23939
23946
23952
23953
23957
23971
23974
23978
23983
23985
23987
23988
23989
23991
23992
23995
23999
24000
24001
24004
24006
24015
24019
24020
24021
24022
24024
24026
24027
24028
24032
24033
24035
24041
24042
24043
24047
24058
24064
24069
24074
24075
24080
24089
24091
24094
24108
24112
24114
24115
24120
24126
24138
24143
24150
24156
24163
24164
24166
24176
24177
24179
24180
24182
24186
24188
24194
24199
24200
24201
24210
24217
24219
24220
24221
24223
24233
24241
24243
24244
24249
24254
24257
24258
24264
24280
24301
24302
24303
24305
24311
24319
24326
24332
24333
24350
24354
24355
24358
24359
24360
24363
24365
24366
24378
24393
24394
24400
24405
24406
24407
24415
24417
24419
24440
24441
24443
24447
24450
24455
24457
24458
24462
24470
24478
24481
24482
24483
24489
24490
24495
24496
24497
24502
24503
24521
24528
24532
24533
24534
24535
24539
24540
24548
24549
24550
24552
24553
24555
24557
24558
24560
24562
24569
24571
24572
24573
24578
24579
24583
24586
24590
24591
24593
24594
24597
24598
24603
24604
24606
24612
24614
24617
24623
24627
24633
24636
24641
24644
24645
24651
24655
24658
24666
24667
24668
24683
24685
24691
24692
24695
24699
24700
24706
24707
24709
24712
24717
24720
24723
24726
24728
24729
24730
24733
24734
24735
24740
24744
24749
24750
24758
24762
24764
24767
24769
24770
24777
24782
24791
24794
24795
24797
24801
24803
24806
24810
24814
24822
24828
24836
24838
24840
24842
24852
24859
24861
24864
24868
24870
24881
24883
24886
24895
24899
24905
24906
24908
24912
24919
24920
24926
24927
24935
24950
24954
24955
24956
24957
24974
24975
24976
24978
24981
24983
24985
24988
24991
24993
24995
25004
25009
25015
25020
25024
25026
25027
25030
25032
25033
25038
25047
25048
25049
25051
25052
25053
25059
25063
25068
25071
25072
25074
25076
25077
25082
25087
25090
25095
25099
25104
25106
25109
25116
25118
25127
25128
25132
25133
25139
25140
25142
25146
25148
25153
25158
25163
25164
25169
25170
25172
25174
25176
25177
25181
25187
25188
25191
25202
25206
25214
25221
25222
25223
25227
25233
25235
25240
25242
25246
25247
25249
25252
25255
25256
25259
25262
25263
25269
25273
25274
25275
25278
25280
25283
25285
25292
25293
25300
25303
25311
25313
25319
25321
25322
25326
25327
25328
25331
25334
25346
25347
25348
25353
25361
25372
25374
25379
25384
25385
25412
25413
25420
25424
25426
25432
25438
25440
25442
25446
25449
25453
25456
25464
25471
25474
25476
25479
25483
25484
25485
25490
25499
25500
25503
25505
25506
25508
25510
25512
25518
25534
25536
25544
25551
25556
25558
25562
25564
25565
25567
25570
25575
25585
25594
25598
25602
25607
25609
25610
25622
25625
25628
25629
25630
25631
25642
25655
25661
25667
25670
25677
25679
25683
25687
25689
25693
25696
25697
25699
25703
25709
25712
25717
25720
25722
25729
25736
25739
25744
25746
25763
25768
25775
25778
25782
25788
25791
25792
25793
25801
25802
25803
25809
25813
25814
25816
25817
25825
25834
25842
25845
25849
25851
25853
25854
25855
25866
25873
25877
25886
25889
25899
25902
25904
25905
25908
25913
25920
25928
25929
25931
25933
25938
25951
25954
25957
25958
25959
25961
25966
25968
25970
25977
25980
25982
25984
26004
26006
26014
26016
26018
26023
26035
26041
26051
26052
26055
26059
26063
26067
26071
26080
26083
26089
26091
26103
26105
26106
26109
26111
26116
26127
26128
26130
26138
26139
26150
26151
26154
26156
26157
26160
26163
26164
26173
26178
26180
26183
26185
26190
26191
26193
26196
26200
26201
26209
26217
26219
26224
26227
26232
26237
26245
26252
26261
26262
26270
26292
26293
26294
26295
26304
26306
26309
26315
26319
26338
26339
26342
26347
26356
26359
26367
26370
26379
26387
26400
26409
26415
26423
26424
26426
26428
26431
26433
26438
26441
26442
26444
26460
26463
26481
26483
26489
26497
26502
26503
26509
26512
26516
26517
26523
26525
26526
26536
26540
26545
26551
26556
26563
26566
26568
26569
26574
26579
26584
26586
26595
26602
26603
26607
26610
26614
26619
26626
26628
26639
26650
26656
26661
26668
26672
26677
26679
26681
26682
26687
26688
26692
26693
26697
26699
26701
26708
26711
26712
26714
26718
26720
26722
26723
26730
26733
26734
26736
26745
26757
26759
26760
26761
26767
26775
26777
26779
26781
26782
26784
26787
26789
26790
26797
26805
26808
26814
26816
26817
26818
26827
26833
26836
26840
26852
26853
26856
26859
26868
26870
26871
26873
26876
26877
26883
26894
26909
26916
26918
26919
26920
26924
26926
26937
26943
26955
26956
26957
26961
26965
26978
26982
26991
26996
27007
27008
27011
27013
27016
27031
27032
27033
27034
27040
27047
27057
27059
27069
27077
27081
27083
27101
27102
27107
27112
27122
27123
27124
27126
27131
27137
27139
27143
27156
27157
27163
27166
27168
27169
27171
27173
27177
27178
27181
27192
27193
27201
27202
27205
27212
27213
27215
27219
27221
27236
27237
27249
27251
27254
27262
27263
27264
27270
27271
27275
27278
27279
27291
27292
27296
27304
27311
27313
27317
27320
27327
27328
27331
27333
27341
27345
27355
27365
27366
27368
27373
27382
27387
27389
27390
27392
27395
27399
27408
27416
27418
27420
27422
27426
27427
27436
27438
27448
27450
27454
27464
27465
27469
27472
27479
27480
27481
27483
27487
27492
27494
27496
27500
27503
27531
27532
27544
27550
27551
27553
27554
27559
27567
27569
27577
27580
27583
27586
27605
27608
27611
27614
27619
27623
27624
27625
27627
27637
27641
27648
27652
27655
27658
27659
27663
27664
27667
27676
27679
27682
27687
27688
27691
27695
27701
27702
27703
27707
27710
27712
27723
27727
27741
27756
27760
27766
27774
27783
27784
27790
27794
27796
27798
27799
27814
27815
27816
27831
27832
27844
27848
27851
27853
27855
27858
27860
27868
27869
27873
27874
27882
27883
27884
27886
27888
27890
27893
27916
27917
27919
27920
27921
27922
27927
27929
27932
27933
27935
27948
27949
27950
27952
27958
27967
27972
27974
27975
27981
27983
27986
27988
27989
27991
27994
28000
28002
28011
28013
28023
28025
28031
28033
28036
28048
28049
28058
28062
28070
28076
28081
28085
28088
28092
28093
28098
28109
28119
28121
28122
28127
28131
28136
28141
28146
28150
28151
28152
28154
28156
28165
28172
28173
28174
28179
28182
28186
28190
28191
28206
28208
28212
28217
28219
28222
28225
28246
28257
28259
28262
28263
28273
28279
28281
28286
28289
28290
28303
28308
28309
28318
28321
28323
28327
28330
28337
28341
28352
28354
28365
28370
28386
28391
28394
28397
28403
28411
28413
28417
28419
28423
28424
28429
28432
28439
28445
28446
28455
28460
28486
28494
28495
28498
28501
28507
28509
28511
28512
28514
28516
28517
28519
28520
28523
28524
28532
28535
28539
28543
28546
28548
28555
28560
28563
28568
28572
28573
28574
28578
28579
28582
28583
28584
28587
28588
28590
28597
28605
28608
28616
28621
28622
28623
28626
28634
28639
28641
28649
28651
28655
28660
28672
28683
28686
28688
28689
28696
28698
28719
28721
28722
28723
28725
28731
28737
28740
28741
28748
28753
28756
28759
28761
28773
28776
28778
28782
28784
28785
28789
28794
28797
28798
28803
28807
28808
28809
28810
28822
28824
28827
28833
28836
28841
28858
28860
28882
28883
28885
28894
28895
28899
28904
28914
28917
28924
28925
28929
28931
28937
28939
28941
28949
28953
28958
28960
28961
28964
28965
28970
28973
28974
28975
28984
28988
28992
28994
28998
29000
29010
29012
29019
29021
29025
29027
29029
29036
29039
29041
29044
29045
29046
29053
29055
29062
29069
29073
29078
29083
29085
29091
29092
29097
29107
29115
29124
29125
29134
29141
29148
29158
29161
29163
29166
29169
29171
29172
29174
29178
29179
29189
29190
29198
29199
29207
29215
29218
29219
29220
29221
29223
29227
29228
29230
29235
29237
29238
29242
29243
29245
29249
29256
29258
29263
29269
29274
29277
29279
29280
29288
29297
29303
29306
29307
29311
29315
29325
29328
29332
29333
29334
29336
29339
29341
29348
29350
29356
29364
29369
29374
29375
29377
29388
29390
29391
29393
29398
29403
29404
29410
29414
29421
29423
29424
29444
29448
29462
29466
29469
29470
29477
29478
29480
29481
29483
29484
29487
29496
29501
29503
29513
29514
29515
29531
29534
29536
29537
29544
29548
29549
29551
29561
29562
29567
29571
29572
29573
29574
29580
29583
29585
29588
29589
29591
29592
29593
29594
29596
29597
29599
29602
29603
29605
29610
29611
29623
29632
29636
29648
29659
29660
29672
29677
29678
29683
29686
29692
29694
29700
29703
29705
29711
29714
29716
29720
29724
29726
29729
29731
29732
29743
29747
29750
29770
29779
29784
29790
29792
29793
29797
29799
29803
29808
29812
29813
29816
29817
29821
29829
29833
29834
29835
29839
29841
29842
29851
29855
29860
29866
29869
29873
29875
29876
29882
29883
29885
29897
29913
29922
29923
29925
29926
29929
29931
29932
29934
29936
29939
29946
29947
29948
29961
29962
29967
29969
29971
29978
29985
29989
29993
29996
29999
30004
30008
30009
30012
30014
30017
30021
30025
30028
30031
30034
30036
30040
30045
30051
30053
30054
30057
30066
30070
30074
30078
30085
30088
30089
30098
30099
30100
30101
30114
30117
30119
30122
30123
30125
30134
30135
30136
30139
30142
30145
30152
30160
30161
30167
30168
30180
30184
30186
30188
30189
30193
30197
30198
30199
30201
30205
30206
30210
30224
30226
30232
30233
30238
30243
30246
30247
30252
30259
30263
30266
30271
30276
30279
30280
30281
30282
30289
30294
30297
30298
30308
30321
30325
30330
30331
30333
30335
30337
30339
30340
30347
30350
30351
30352
30366
30370
30373
30380
30381
30384
30389
30392
30393
30394
30399
30400
30403
30404
30405
30408
30409
30414
30419
30421
30423
30424
30426
30429
30431
30433
30435
30437
30440
30442
30443
30453
30454
30457
30463
30467
30468
30469
30470
30477
30489
30491
30493
30495
30497
30511
30515
30518
30523
30524
30526
30532
30539
30541
30545
30549
30555
30557
30558
30562
30565
30569
30576
30578
30581
30583
30585
30590
30596
30599
30606
30611
30615
30619
30621
30622
30623
30628
30631
30636
30640
30642
30644
30645
30647
30648
30653
30659
30664
30674
30677
30678
30688
30695
30696
30697
30700
30702
30706
30708
30714
30724
30725
30728
30731
30739
30750
30758
30762
30763
30765
30766
30772
30786
30790
30794
30795
30796
30803
30808
30809
30818
30820
30833
30834
30840
30842
30843
30849
30850
30851
30853
30856
30859
30860
30870
30871
30881
30887
30889
30893
30894
30898
30900
30911
30914
30920
30922
30928
30931
30934
30936
30955
30971
30979
30984
30999
31005
31009
31010
31015
31020
31025
31028
31030
31039
31043
31045
31047
31052
31053
31068
31071
31072
31077
31081
31091
31118
31119
31132
31136
31140
31141
31142
31143
31145
31150
31151
31158
31162
31165
31167
31169
31173
31178
31179
31185
31188
31189
31191
31194
31197
31198
31199
31215
31218
31220
31224
31231
31233
31234
31237
31240
31245
31250
31257
31258
31261
31265
31277
31281
31289
31291
31294
31297
31301
31302
31310
31320
31341
31345
31348
31352
31353
31358
31361
31367
31379
31380
31386
31387
31391
31395
31396
31397
31401
31404
31416
31419
31421
31424
31425
31431
31434
31439
31442
31446
31457
31460
31469
31481
31483
31501
31508
31512
31518
31525
31529
31530
31532
31535
31536
31538
31540
31542
31548
31550
31551
31552
31553
31560
31566
31572
31575
31579
31580
31582
31587
31590
31597
31599
31602
31607
31612
31613
31615
31619
31621
31623
31625
31627
31630
31634
31635
31638
31643
31651
31655
31658
31659
31663
31664
31666
31673
31684
31689
31691
31696
31697
31698
31699
31705
31711
31712
31718
31734
31737
31739
31751
31754
31758
31760
31764
31766
31768
31769
31775
31782
31784
31786
31788
31790
31794
31795
31806
31810
31815
31819
31823
31825
31836
31839
31848
31851
31857
31860
31863
31868
31869
31870
31876
31880
31885
31886
31887
31891
31895
31896
31898
31902
31907
31908
31918
31924
31925
31929
31931
31938
31941
31947
31949
31954
31968
31969
31971
31982
31989
31997
32000
32015
32016
32028
32033
32034
32037
32039
32043
32044
32060
32066
32068
32077
32080
32084
32089
32095
32098
32104
32117
32124
32127
32128
32130
32133
32141
32143
32145
32149
32151
32152
32154
32163
32164
32166
32167
32168
32169
32170
32171
32174
32176
32177
32182
32185
32186
32194
32196
32197
32202
32203
32207
32210
32211
32216
32227
32228
32230
32231
32237
32242
32244
32247
32251
32252
32255
32256
32265
32266
32269
32271
32274
32276
32278
32280
32290
32291
32303
32304
32309
32310
32317
32318
32320
32331
32340
32350
32351
32352
32353
32354
32357
32369
32371
32375
32376
32380
32383
32404
32405
32407
32409
32415
32420
32427
32436
32439
32440
32459
32466
32472
32473
32476
32479
32480
32482
32490
32492
32506
32508
32515
32518
32520
32523
32526
32528
32534
32546
32547
32548
32556
32557
32561
32567
32568
32569
32570
32575
32576
32580
32587
32590
32595
32603
32608
32626
32627
32630
32634
32637
32640
32641
32645
32647
32648
32652
32655
32662
32664
32665
32676
32679
32681
32693
32694
32700
32701
32705
32709
32717
32719
32721
32725
32730
32740
32745
32752
32753
32759
32775
32778
32779
32780
32785
32786
32793
32799
32802
32803
32806
32811
32813
32817
32825
32826
32827
32829
32830
32846
32851
32855
32863
32867
32868
32872
32882
32889
32891
32894
32897
32899
32900
32904
32909
32916
32917
32919
32920
32921
32926
32939
32941
32944
32952
32958
32965
32966
32967
32973
32978
32980
32982
32984
32985
32987
32998
33002
33004
33009
33010
33014
33015
33017
33020
33021
33025
33028
33031
33033
33037
33041
33044
33048
33056
33057
33078
33080
33083
33086
33094
33095
33100
33101
33106
33115
33116
33120
33124
33126
33131
33132
33137
33139
33144
33145
33146
33149
33150
33151
33165
33170
33173
33181
33182
33186
33187
33189
33190
33194
33199
33200
33214
33216
33218
33223
33237
33240
33243
33245
33246
33259
33260
33261
33262
33263
33270
33279
33283
33284
33286
33290
33291
33294
33296
33303
33304
33315
33334
33335
33339
33343
33347
33348
33349
33382
33385
33393
33395
33411
33417
33418
33437
33440
33451
33453
33459
33460
33465
33476
33488
33499
33500
33502
33508
33509
33515
33516
33519
33525
33537
33539
33540
33546
33548
33567
33568
33587
33590
33594
33596
33602
33603
33607
33608
33610
33611
33612
33617
33620
33622
33629
33637
33638
33641
33644
33649
33651
33655
33657
33662
33667
33669
33672
33683
33685
33687
33689
33692
33701
33702
33705
33710
33718
33722
33724
33730
33737
33741
33742
33745
33750
33754
33765
33771
33779
33786
33789
33793
33796
33799
33811
33812
33816
33818
33821
33822
33823
33826
33833
33843
33844
33846
33849
33850
33851
33852
33859
33862
33872
33875
33877
33879
33882
33885
33900
33906
33907
33908
33910
33915
33921
33923
33927
33934
33940
33943
33956
33957
33962
33964
33965
33971
33983
33995
33996
34000
34005
34006
34009
34012
34013
34016
34017
34027
34032
34049
34053
34055
34059
34064
34074
34075
34079
34080
34085
34087
34089
34095
34101
34102
34108
34122
34123
34125
34126
34131
34133
34134
34138
34141
34151
34152
34155
34156
34158
34168
34182
34187
34189
34196
34204
34206
34210
34213
34217
34223
34225
34226
34234
34254
34259
34262
34265
34269
34271
34277
34279
34288
34290
34291
34296
34297
34298
34299
34301
34303
34305
34306
34309
34310
34313
34320
34325
34326
34327
34339
34345
34352
34360
34368
34378
34379
34384
34387
34391
34397
34399
34407
34420
34422
34423
34424
34426
34430
34431
34443
34446
34447
34452
34454
34458
34460
34462
34463
34466
34471
34474
34479
34480
34486
34493
34494
34501
34502
34516
34521
34522
34526
34534
34539
34546
34554
34557
34565
34575
34578
34580
34583
34590
34591
34593
34611
34614
34615
34616
34622
34629
34631
34635
34636
34637
34644
34648
34650
34654
34655
34659
34660
34663
34670
34671
34672
34674
34675
34678
34680
34681
34687
34688
34689
34690
34697
34700
34706
34727
34738
34750
34756
34758
34762
34763
34766
34773
34774
34776
34797
34798
34799
34819
34823
34824
34826
34827
34828
34829
34830
34832
34838
34839
34848
34857
34859
34862
34870
34873
34880
34882
34883
34892
34893
34895
34899
34901
34906
34911
34916
34920
34923
34926
34929
34932
34934
34943
34946
34951
34955
34963
34965
34968
34972
34985
34992
34997
35015
35024
35026
35028
35038
35041
35043
35044
35045
35047
35051
35053
35059
35062
35072
35080
35089
35097
35099
35102
35103
35104
35105
35107
35109
35114
35116
35120
35121
35124
35126
35127
35141
35145
35147
35148
35150
35160
35162
35173
35174
35181
35184
35191
35194
35209
35213
35222
35229
35231
35233
35234
35236
35256
35257
35259
35260
35261
35265
35266
35289
35290
35299
35301
35302
35313
35314
35319
35321
35327
35329
35331
35333
35334
35345
35348
35352
35354
35364
35388
35390
35392
35396
35401
35413
35414
35415
35417
35419
35425
35431
35432
35435
35436
35442
35468
35470
35471
35478
35479
35483
35487
35489
35497
35498
35499
35508
35514
35515
35522
35524
35526
35532
35537
35545
35565
35574
35593
35594
35611
35612
35618
35633
35635
35642
35649
35650
35655
35662
35668
35674
35676
35684
35686
35688
35690
35700
35701
35703
35707
35711
35712
35716
35721
35723
35728
35732
35745
35749
35751
35756
35778
35795
35796
35798
35800
35808
35811
35815
35819
35822
35830
35833
35839
35840
35841
35842
35851
35852
35854
35869
35875
35876
35877
35878
35881
35886
35890
35891
35893
35895
35896
35897
35899
35904
35912
35915
35916
35918
35923
35925
35926
35927
35929
35931
35933
35936
35948
35950
35951
35955
35963
35975
35979
35983
35988
35991
35993
35997
35998
36001
36007
36009
36010
36011
36015
36019
36023
36024
36025
36027
36028
36029
36036
36041
36060
36065
36070
36071
36076
36077
36081
36084
36086
36088
36089
36094
36102
36110
36115
36124
36126
36132
36134
36136
36142
36144
36150
36156
36163
36165
36169
36172
36177
36181
36184
36188
36190
36191
36197
36202
36204
36205
36206
36212
36213
36215
36218
36219
36221
36225
36229
36245
36247
36249
36252
36253
36259
36262
36263
36264
36268
36271
36275
36278
36279
36280
36286
36287
36296
36298
36305
36313
36342
36345
36346
36351
36352
36359
36367
36368
36370
36372
36377
36381
36389
36390
36392
36393
36395
36398
36401
36416
36418
36421
36425
36426
36429
36431
36432
36440
36441
36445
36447
36449
36452
36460
36467
36470
36472
36474
36479
36480
36483
36484
36487
36491
36492
36495
36497
36498
36507
36508
36509
36511
36513
36518
36519
36523
36525
36526
36532
36541
36545
36555
36556
36561
36566
36570
36573
36575
36579
36580
36582
36584
36593
36596
36603
36606
36609
36614
36618
36622
36623
36642
36646
36648
36656
36660
36661
36663
36670
36681
36683
36692
36693
36698
36700
36701
36704
36707
36712
36717
36720
36723
36726
36728
36731
36736
36738
36745
36748
36758
36759
36760
36762
36765
36767
36768
36776
36777
36778
36780
36782
36788
36789
36791
36792
36797
36807
36810
36815
36819
36822
36824
36831
36832
36835
36842
36848
36849
36850
36851
36853
36864
36868
36870
36883
36887
36896
36898
36903
36905
36917
36927
36928
36950
36951
36961
36973
36980
36983
36987
36989
36996
36999
37007
37013
37015
37018
37022
37029
37035
37040
37042
37043
37046
37048
37050
37052
37054
37059
37062
37070
37075
37081
37088
37090
37093
37098
37099
37100
37101
37103
37107
37119
37123
37129
37132
37133
37138
37143
37147
37156
37162
37165
37167
37176
37186
37191
37195
37197
37200
37203
37208
37212
37215
37218
37219
37224
37226
37246
37247
37249
37265
37268
37277
37280
37292
37293
37297
37298
37302
37310
37318
37327
37328
37330
37333
37335
37336
37337
37341
37345
37356
37358
37364
37370
37377
37385
37386
37397
37398
37399
37400
37402
37407
37408
37428
37431
37432
37444
37445
37447
37459
37460
37461
37472
37477
37478
37480
37487
37490
37497
37501
37503
37505
37516
37525
37536
37542
37547
37548
37549
37552
37555
37558
37559
37567
37568
37571
37575
37576
37581
37583
37584
37585
37589
37595
37599
37602
37604
37610
37617
37627
37628
37634
37642
37644
37646
37648
37655
37667
37673
37676
37687
37690
37691
37692
37695
37700
37709
37716
37717
37718
37720
37721
37730
37742
37744
37747
37752
37754
37756
37761
37764
37766
37767
37774
37777
37786
37787
37788
37791
37797
37801
37803
37806
37807
37808
37809
37810
37812
37813
37816
37819
37824
37829
37833
37839
37845
37848
37850
37854
37861
37863
37871
37875
37876
37886
37887
37889
37902
37904
37905
37906
37907
37909
37913
37915
37923
37930
37934
37936
37937
37945
37947
37948
37953
37955
37966
37970
37971
37977
37978
37979
37981
37988
37992
37997
38001
38002
38010
38011
38014
38016
38024
38029
38030
38031
38066
38070
38073
38077
38079
38080
38084
38085
38093
38105
38108
38111
38114
38125
38134
38147
38151
38154
38162
38163
38164
38165
38167
38168
38169
38171
38173
38184
38190
38193
38195
38209
38220
38222
38224
38228
38230
38232
38237
38238
38239
38242
38248
38249
38251
38255
38257
38258
38264
38265
38266
38269
38270
38271
38278
38279
38280
38286
38288
38290
38295
38304
38310
38322
38323
38330
38331
38338
38339
38342
38344
38346
38348
38350
38354
38358
38364
38365
38376
38378
38383
38388
38390
38398
38399
38400
38401
38406
38408
38411
38422
38423
38431
38432
38433
38443
38445
38447
38460
38462
38475
38476
38487
38489
38490
38492
38499
38508
38515
38520
38521
38530
38533
38537
38544
38548
38549
38550
38554
38560
38564
38575
38581
38584
38588
38591
38594
38600
38603
38607
38609
38610
38611
38612
38614
38627
38628
38632
38638
38645
38649
38653
38656
38662
38663
38664
38668
38673
38701
38703
38704
38705
38710
38711
38716
38718
38719
38725
38726
38729
38730
38739
38746
38747
38748
38749
38756
38764
38765
38767
38774
38789
38794
38795
38798
38801
38806
38810
38816
38825
38826
38830
38837
38840
38860
38861
38871
38874
38875
38879
38883
38894
38904
38906
38909
38910
38911
38916
38919
38923
38927
38928
38930
38936
38938
38941
38942
38943
38947
38949
38962
38963
38965
38966
38968
38970
38974
38976
38978
38984
38987
38994
38999
39000
39001
39005
39009
39014
39018
39028
39029
39031
39032
39036
39047
39048
39049
39052
39053
39055
39071
39081
39084
39085
39086
39087
39096
39100
39104
39114
39115
39117
39122
39129
39135
39140
39143
39148
39161
39163
39166
39171
39174
39177
39178
39181
39184
39187
39188
39201
39202
39207
39211
39215
39216
39219
39222
39223
39226
39228
39229
39230
39236
39237
39240
39244
39246
39251
39254
39255
39258
39268
39269
39270
39275
39282
39285
39286
39290
39296
39302
39305
39313
39315
39323
39327
39328
39332
39334
39337
39342
39343
39346
39347
39354
39355
39357
39359
39363
39372
39373
39376
39377
39381
39386
39390
39395
39398
39400
39401
39402
39406
39412
39414
39420
39423
39428
39434
39435
39440
39443
39464
39469
39470
39472
39480
39486
39490
39491
39493
39494
39496
39503
39505
39509
39510
39528
39535
39550
39557
39563
39565
39566
39572
39579
39580
39588
39592
39604
39605
39610
39611
39612
39616
39619
39621
39622
39623
39624
39629
39632
39636
39642
39643
39646
39657
39663
39669
39686
39687
39692
39701
39707
39710
39718
39720
39721
39724
39725
39727
39730
39732
39740
39741
39743
39746
39753
39754
39756
39761
39766
39772
39776
39779
39783
39785
39794
39797
39799
39810
39816
39818
39820
39823
39827
39832
39833
39834
39837
39838
39844
39846
39848
39852
39858
39862
39863
39867
39871
39872
39873
39875
39882
39893
39896
39907
39909
39920
39924
39932
39934
39936
39938
39942
39946
39949
39951
39955
39961
39962
39966
39967
39968
39969
39972
39984
39985
39989
39997
40007
40008
40014
40016
40019
40045
40048
40053
40068
40080
40082
40088
40089
40090
40092
40098
40103
40105
40106
40110
40117
40118
40124
40129
40130
40133
40139
40140
40143
40144
40145
40148
40160
40163
40164
40166
40167
40178
40179
40180
40181
40185
40191
40198
40206
40207
40219
40222
40226
40230
40236
40246
40250
40255
40261
40262
40264
40270
40271
40275
40276
40279
40293
40298
40301
40308
40310
40314
40316
40318
40327
40328
40340
40342
40343
40346
40350
40354
40356
40359
40361
40371
40382
40384
40386
40402
40410
40422
40423
40424
40426
40433
40435
40438
40440
40442
40446
40450
40451
40453
40458
40459
40466
40473
40476
40477
40480
40481
40487
40491
40496
40498
40506
40515
40520
40529
40535
40539
40540
40542
40545
40546
40552
40554
40558
40562
40563
40569
40582
40583
40584
40586
40593
40596
40601
40614
40618
40619
40623
40627
40632
40636
40646
40649
40656
40665
40666
40667
40679
40688
40690
40697
40706
40710
40720
40725
40727
40733
40739
40746
40747
40748
40754
40758
40762
40765
40768
40777
40780
40783
40785
40790
40792
40794
40801
40804
40807
40808
40809
40816
40821
40829
40836
40843
40846
40852
40855
40856
40858
40864
40865
40868
40883
40885
40888
40890
40891
40898
40902
40904
40915
40916
40919
40921
40931
40932
40935
40943
40953
40956
40964
40966
40976
40979
40982
40984
40989
40991
40992
40995
41001
41006
41013
41024
41027
41028
41032
41037
41038
41050
41051
41064
41070
41078
41082
41090
41091
41100
41104
41105
41106
41110
41116
41118
41123
41125
41126
41127
41132
41140
41146
41147
41151
41155
41165
41169
41171
41176
41181
41182
41190
41192
41194
41202
41203
41205
41207
41219
41224
41230
41254
41256
41260
41265
41271
41277
41286
41287
41295
41296
41301
41306
41308
41310
41311
41317
41321
41323
41337
41339
41342
41344
41346
41347
41360
41381
41382
41384
41393
41394
41396
41398
41401
41403
41406
41409
41411
41417
41422
41424
41427
41428
41429
41435
41437
41441
41444
41445
41459
41468
41471
41473
41482
41483
41495
41499
41500
41502
41503
41504
41507
41511
41519
41530
41532
41534
41537
41539
41541
41543
41554
41558
41560
41565
41567
41569
41572
41584
41591
41594
41597
41599
41604
41611
41625
41630
41633
41635
41643
41645
41656
41660
41662
41667
41672
41680
41687
41690
41691
41695
41710
41711
41713
41717
41719
41724
41731
41733
41738
41743
41745
41746
41747
41759
41763
41770
41772
41778
41781
41790
41791
41793
41794
41800
41802
41811
41818
41822
41823
41826
41827
41830
41834
41838
41841
41844
41845
41850
41851
41852
41855
41857
41859
41862
41866
41880
41883
41888
41891
41896
41900
41903
41905
41911
41914
41919
41925
41927
41929
41931
41933
41934
41938
41943
41946
41950
41954
41957
41958
41969
41971
41978
41984
41986
41994
41995
41996
41997
42001
42002
42008
42017
42021
42029
42030
42038
42040
42044
42045
42051
42052
42057
42058
42072
42074
42089
42095
42097
42105
42106
42108
42130
42135
42143
42154
42166
42169
42172
42177
42179
42182
42183
42191
42192
42195
42200
42202
42205
42212
42217
42222
42228
42229
42232
42236
42238
42243
42253
42254
42256
42261
42262
42270
42272
42277
42278
42286
42290
42292
42295
42303
42305
42306
42307
42309
42310
42314
42319
42320
42324
42329
42331
42339
42343
42348
42351
42352
42357
42358
42360
42363
42364
42366
42369
42373
42374
42376
42378
42381
42390
42395
42396
42401
42409
42413
42417
42424
42425
42428
42445
42451
42453
42467
42471
42477
42489
42492
42493
42497
42502
42510
42516
42521
42525
42528
42531
42537
42538
42542
42544
42545
42546
42554
42557
42559
42560
42561
42563
42574
42577
42578
42583
42587
42590
42592
42600
42605
42607
42613
42614
42620
42622
42624
42629
42633
42635
42636
42639
42640
42641
42644
42651
42653
42655
42673
42675
42678
42679
42682
42683
42688
42699
42700
42701
42707
42713
42715
42716
42724
42727
42728
42733
42736
42749
42750
42759
42760
42762
42764
42766
42768
42777
42778
42779
42781
42782
42784
42785
42788
42799
42803
42809
42811
42817
42827
42831
42832
42835
42836
42840
42845
42846
42852
42857
42859
42860
42862
42867
42878
42881
42882
42883
42891
42892
42893
42896
42905
42910
42924
42927
42929
42935
42940
42945
42946
42948
42951
42959
42960
42962
42966
42967
42971
42973
42978
42981
42989
43005
43007
43009
43014
43015
43020
43022
43027
43034
43040
43043
43051
43052
43055
43060
43075
43076
43078
43082
43085
43091
43094
43095
43098
43102
43106
43112
43118
43129
43141
43151
43153
43160
43162
43164
43167
43169
43170
43175
43176
43179
43189
43192
43193
43197
43200
43205
43206
43216
43217
43219
43223
43225
43237
43243
43246
43249
43254
43255
43256
43258
43266
43269
43282
43284
43285
43286
43291
43297
43298
43303
43304
43305
43307
43319
43320
43325
43332
43333
43335
43338
43339
43343
43344
43347
43353
43357
43359
43366
43374
43375
43378
43381
43386
43387
43389
43393
43394
43398
43400
43401
43405
43406
43412
43414
43415
43419
43422
43424
43439
43452
43454
43455
43457
43458
43459
43461
43467
43472
43485
43499
43503
43510
43511
43513
43518
43520
43522
43529
43531
43541
43543
43545
43549
43553
43560
43561
43566
43568
43569
43573
43575
43578
43588
43592
43593
43598
43600
43611
43616
43618
43619
43622
43635
43636
43637
43645
43648
43656
43658
43659
43666
43669
43682
43683
43684
43686
43687
43688
43689
43695
43696
43699
43701
43707
43709
43717
43721
43727
43734
43738
43739
43741
43743
43744
43747
43751
43759
43763
43778
43787
43791
43794
43797
43801
43802
43808
43814
43822
43826
43837
43851
43868
43870
43880
43889
43890
43891
43895
43896
43906
43908
43913
43917
43918
43919
43920
43928
43932
43936
43941
43950
43962
43964
43968
43969
43974
43980
43984
43990
44001
44006
44007
44010
44014
44016
44020
44021
44024
44025
44029
44032
44036
44046
44048
44049
44050
44063
44068
44073
44074
44076
44079
44086
44087
44089
44095
44100
44107
44111
44117
44121
44127
44128
44129
44138
44139
44141
44145
44148
44150
44152
44156
44160
44162
44170
44172
44184
44189
44192
44194
44198
44204
44215
44216
