10
25
38
67
70
80
97
110
114
133
135
141
146
152
163
171
181
191
192
205
211
219
235
239
242
245
249
293
297
301
308
314
343
363
392
443
447
474
481
506
507
509
563
566
580
585
591
597
600
614
616
625
629
634
659
660
664
668
686
692
711
730
746
750
777
783
793
798
800
808
814
844
864
878
890
914
915
922
931
954
959
968
987
988
991
1010
1029
1036
1039
1051
1066
1070
1096
1125
1130
1143
1145
1147
1154
1161
1165
1168
1209
1210
1213
1232
1236
1244
1258
1264
1275
1296
1344
1371
1374
1379
1380
1396
1398
1405
1413
1437
1438
1451
1466
1477
1478
1492
1503
1521
1524
1562
1569
1605
1612
1649
1655
1670
1689
1698
1707
1721
1739
1743
1745
1747
1793
1802
1815
1818
1827
1836
1838
1858
1871
1879
1883
1892
1894
1895
1905
1918
1938
1944
1948
1967
1984
1985
1994
2026
2028
2032
2037
2041
2053
2080
2106
2110
2135
2139
2141
2147
2154
2162
2167
2170
2188
2196
2210
2214
2221
2232
2251
2267
2302
2304
2306
2320
2341
2351
2387
2393
2395
2409
2413
2415
2437
2439
2461
2474
2498
2516
2526
2530
2549
2599
2611
2612
2622
2628
2663
2666
2681
2725
2730
2744
2763
2770
2794
2822
2844
2845
2847
2850
2859
2873
2889
2923
2935
2948
2949
2964
2972
2980
2984
2985
2987
2988
3010
3014
3031
3047
3055
3062
3085
3101
3115
3120
3122
3125
3148
3149
3157
3165
3180
3207
3223
3231
3233
3250
3258
3264
3267
3277
3281
3293
3308
3333
3340
3342
3344
3352
3368
3404
3417
3418
3421
3434
3441
3451
3481
3485
3489
3500
3516
3533
3539
3544
3548
3553
3563
3586
3602
3603
3608
3613
3628
3635
3672
3677
3678
3682
3688
3703
3711
3714
3723
3738
3767
3768
3779
3785
3792
3810
3818
3823
3829
3842
3850
3851
3890
3893
3902
3906
3907
3940
3943
3948
3972
3985
3995
4000
4019
4022
4024
4055
4067
4075
4095
4100
4102
4104
4117
4123
4124
4134
4135
4147
4168
4181
4191
4211
4225
4242
4258
4261
4263
4271
4282
4286
4288
4294
4298
4310
4314
4343
4349
4364
4370
4375
4377
4378
4399
4431
4436
4468
4482
4490
4503
4507
4509
4517
4520
4536
4547
4554
4565
4585
4589
4593
4602
4619
4628
4631
4657
4673
4680
4698
4706
4718
4725
4752
4767
4769
4781
4787
4798
4800
4810
4830
4838
4858
4869
4878
4880
4914
4915
4919
4924
4939
4947
4953
4998
5007
5032
5034
5039
5047
5048
5049
5055
5058
5073
5081
5086
5094
5103
5112
5137
5138
5150
5165
5178
5180
5184
5190
5191
5245
5246
5250
5261
5278
5286
5294
5321
5322
5324
5327
5340
5351
5377
5384
5392
5395
5443
5445
5446
5453
5472
5480
5494
5499
5572
5596
5605
5626
5630
5664
5686
5690
5701
5718
5720
5724
5726
5735
5736
5740
5743
5754
5756
5757
5762
5768
5787
5795
5881
5895
5911
5924
5944
5952
5954
5957
5973
5977
6003
6007
6015
6021
6025
6027
6040
6054
6072
6076
6098
6099
6113
6119
6136
6138
6142
6155
6218
6220
6236
6245
6251
6265
6272
6273
6288
6292
6294
6313
6314
6321
6341
6355
6375
6390
6396
6418
6420
6430
6431
6474
6476
6478
6481
6487
6488
6489
6508
6510
6523
6524
6528
6535
6545
6578
6582
6591
6605
6611
6614
6646
6647
6669
6672
6675
6676
6690
6692
6694
6696
6700
6712
6727
6728
6729
6733
6737
6755
6759
6760
6771
6789
6796
6801
6810
6818
6823
6831
6837
6849
6854
6886
6893
6910
6916
6922
6925
6948
6950
6962
6967
6979
6988
7009
7022
7026
7030
7032
7033
7041
7063
7066
7067
7070
7080
7100
7107
7111
7113
7124
7157
7163
7170
7180
7196
7199
7206
7212
7216
7239
7243
7267
7293
7300
7310
7315
7316
7333
7341
7347
7357
7362
7377
7379
7403
7409
7412
7420
7427
7461
7478
7481
7483
7502
7503
7504
7517
7518
7537
7545
7551
7558
7561
7586
7595
7598
7634
7635
7641
7645
7647
7696
7709
7711
7715
7717
7719
7722
7734
7735
7766
7774
7799
7810
7811
7829
7832
7843
7849
7854
7865
7876
7878
7880
7887
7903
7906
7907
7913
7930
7932
7944
7952
7959
7963
7965
7982
7984
7987
7992
7995
8014
8018
8027
8029
8035
8041
8045
8047
8066
8068
8075
8080
8087
8124
8133
8134
8140
8143
8148
8153
8182
8183
8191
8204
8205
8210
8215
8216
8223
8224
8228
8245
8251
8262
8264
8306
8325
8329
8339
8359
8375
8387
8412
8414
8415
8421
8428
8458
8471
8479
8492
8507
8509
8520
8524
8526
8530
8546
8549
8565
8579
8588
8606
8622
8626
8650
8655
8660
8676
8680
8681
8688
8748
8755
8761
8762
8770
8774
8783
8805
8853
8854
8858
8876
8877
8896
8956
8970
8986
8995
9006
9011
9013
9022
9024
9026
9038
9050
9056
9062
9066
9113
9118
9120
9121
9125
9152
9174
9188
9203
9218
9220
9227
9255
9257
9264
9276
9281
9306
9317
9345
9352
9366
9402
9413
9420
9425
9438
9444
9450
9489
9499
9510
9511
9512
9514
9516
9517
9522
9524
9538
9540
9551
9590
9599
9606
9626
9631
9635
9642
9649
9657
9662
9671
9686
9699
9709
9717
9735
9742
9747
9763
9779
9819
9827
9837
9839
9855
9857
9882
9894
9896
9901
9917
9919
9935
9949
9951
9956
9957
9985
9990
9995
10003
10014
10035
10041
10049
10051
10052
10063
10066
10070
10082
10088
10097
10102
10130
10133
10137
10138
10160
10162
10178
10190
10201
10202
10206
10211
10223
10264
10266
10307
10311
10318
10327
10340
10358
10376
10443
10445
10449
10484
10488
10501
10517
10523
10529
10532
10542
10565
10566
10586
10620
10622
10636
10637
10640
10641
10660
10663
10688
10689
10692
10705
10713
10726
10730
10734
10762
10770
10772
10775
10779
10789
10791
10792
10799
10805
10809
10814
10828
10830
10843
10866
10871
10877
10882
10895
10897
10901
10902
10941
10943
10981
10997
11010
11013
11017
11025
11053
11058
11074
11088
11094
11095
11106
11107
11111
11128
11129
11139
11148
11163
11166
11171
11189
11199
11216
11223
11246
11253
11258
11265
11282
11287
11289
11299
11332
11379
11380
11384
11389
11399
11406
11411
11434
11439
11445
11447
11460
11478
11487
11501
11517
11535
11545
11560
11572
11576
11595
11598
11602
11603
11625
11634
11635
11649
11653
11666
11669
11670
11679
11681
11687
11690
11700
11703
11708
11709
11746
11765
11772
11776
11778
11782
11785
11792
11797
11806
11813
11814
11837
11839
11842
11859
11869
11870
11887
11908
11933
11935
11944
12002
12006
12013
12022
12025
12036
12044
12048
12065
12071
12075
12082
12084
12103
12129
12130
12136
12138
12142
12174
12189
12195
12197
12207
12230
12252
12259
12261
12299
12307
12322
12333
12337
12348
12351
12384
12393
12396
12406
12415
12442
12448
12454
12464
12479
12487
12495
12496
12502
12517
12522
12527
12544
12568
12576
12610
12619
12622
12636
12653
12657
12663
12678
12681
12683
12690
12693
12695
12703
12714
12718
12719
12722
12730
12747
12757
12760
12765
12782
12791
12819
12842
12878
12885
12898
12909
12918
12928
12965
12979
12983
12988
13014
13020
13065
13071
13078
13098
13108
13110
13125
13165
13173
13183
13190
13192
13209
13228
13260
13262
13270
13306
13331
13332
13333
13335
13336
13348
13350
13354
13359
13369
13374
13387
13422
13423
13425
13435
13445
13468
13487
13496
13497
13499
13520
13521
13528
13552
13571
13588
13615
13621
13633
13640
13649
13650
13657
13658
13740
13745
13748
13760
13771
13778
13784
13791
13797
13809
13840
13854
13855
13857
13858
13876
13898
13912
13923
13945
13948
13964
13970
13984
14006
14010
14012
14062
14076
14077
14086
14099
14102
14112
14114
14122
14125
14129
14136
14143
14145
14148
14158
14164
14182
14192
14197
14202
14213
14222
14230
14240
14245
14268
14269
14275
14285
14290
14293
14295
14307
14324
14333
14355
14371
14376
14382
14394
14410
14412
14415
14416
14420
14423
14437
14443
14452
14465
14466
14467
14474
14477
14484
14494
14495
14496
14514
14515
14521
14522
14524
14526
14530
14544
14548
14553
14558
14562
14568
14579
14586
14599
14609
14625
14643
14653
14658
14659
14667
14678
14680
14688
14690
14702
14705
14710
14715
14716
14722
14749
14763
14765
14781
14805
14808
14809
14812
14816
14835
14836
14857
14863
14866
14885
14900
14909
14923
14937
14942
14944
14953
14955
14963
14984
14986
15008
15022
15030
15037
15046
15064
15066
15092
15094
15095
15122
15123
15134
15157
15159
15173
15182
15223
15229
15233
15249
15260
15288
15322
15342
15351
15369
15395
15411
15419
15432
15436
15438
15447
15451
15462
15469
15472
15473
15478
15482
15489
15492
15496
15499
15503
15520
15525
15526
15533
15534
15538
15563
15568
15579
15587
15608
15621
15631
15635
15649
15663
15667
15671
15678
15698
15713
15718
15741
15745
15757
15764
15767
15774
15791
15799
15814
15817
15823
15827
15830
15831
15832
15842
15844
15852
15862
15865
15867
15893
15901
15912
15918
15922
15928
15937
15938
15944
15954
15957
15980
15992
15997
16017
16018
16045
16048
16097
16116
16117
16121
16126
16127
16132
16145
16169
16195
16200
16202
16203
16204
16215
16224
16289
16297
16302
16305
16311
16327
16344
16374
16388
16402
16425
16426
16430
16445
16463
16468
16478
16491
16493
16509
16524
16525
16530
16534
16540
16541
16542
16557
16560
16570
16571
16574
16580
16583
16584
16607
16618
16624
16637
16640
16649
16655
16656
16665
16671
16685
16691
16714
16777
16788
16789
16804
16807
16810
16860
16869
16879
16888
16890
16891
16896
16906
16908
16909
16934
16974
16975
16978
16986
16990
16998
17016
17019
17026
17033
17037
17038
17060
17065
17079
17080
17090
17097
17103
17106
17117
17119
17123
17125
17133
17152
17160
17164
17173
17180
17213
17218
17220
17233
17247
17257
17258
17300
17325
17332
17343
17354
17358
17365
17368
17370
17378
17395
17402
17436
17441
17448
17492
17497
17501
17519
17539
17549
17558
17567
17571
17573
17603
17608
17617
17627
17628
17637
17660
17671
17720
17734
17738
17742
17753
17759
17778
17793
17794
17810
17823
17835
17849
17859
17864
17870
17873
17876
17878
17892
17905
17916
17935
17945
17946
17948
17964
18004
18016
18025
18040
18048
18055
18065
18089
18122
18123
18124
18134
18136
18138
18142
18146
18166
18175
18188
18196
18202
18210
18228
18252
18268
18274
18294
18328
18347
18357
18362
18373
18381
18403
18413
18419
18457
18474
18486
18492
18493
18494
18497
18516
18571
18574
18575
18596
18608
18620
18632
18633
18673
18676
18688
18692
18697
18703
18709
18719
18722
18734
18737
18765
18770
18792
18797
18799
18833
18849
18862
18903
18931
18946
18950
18959
18981
18992
18995
18997
19004
19016
19033
19066
19077
19100
19110
19123
19142
19168
19200
19209
19221
19230
19247
19291
19296
19305
19306
19307
19312
19323
19334
19351
19372
19380
19384
19392
19401
19403
19417
19436
19440
19447
19460
19461
19464
19470
19476
19486
19488
19521
19526
19531
19541
19547
19554
19564
19583
19592
19595
19598
19605
19608
19609
19612
19616
19621
19635
19641
19643
19649
19656
19672
19696
19704
19731
19732
19745
19758
19801
19803
19830
19836
19853
19859
19862
19865
19880
19887
19895
19905
19911
19922
19935
19938
19948
19968
19973
19984
19988
19994
20007
20010
20026
20032
20045
20050
20054
20060
20062
20096
20165
20166
20169
20198
20202
20204
20214
20216
20221
20247
20268
20280
20282
20292
20309
20313
20316
20327
20340
20346
20352
20374
20377
20380
20385
20396
20398
20420
20485
20517
20538
20550
20552
20564
20594
20596
20617
20618
20625
20635
20648
20655
20674
20680
20690
20701
20719
20721
20722
20723
20728
20729
20754
20764
20781
20799
20809
20812
20816
20822
20824
20835
20847
20851
20868
20883
20891
20893
20906
20910
20911
20923
20941
20943
20952
20954
20958
20977
21013
21020
21025
21028
21035
21037
21055
21063
21066
21073
21108
21117
21128
21150
21155
21164
21184
21189
21194
21202
21224
21252
21259
21275
21307
21324
21337
21359
21364
21367
21383
21407
21418
21433
21472
21479
21512
21519
21524
21527
21538
21558
21560
21569
21572
21578
21585
21591
21596
21601
21626
21632
21634
21646
21679
21728
21729
21749
21750
21769
21773
21782
21787
21805
21814
21816
21830
21835
21836
21855
21860
21861
21875
21886
21920
21930
21937
21948
21968
21970
21979
21983
21993
22004
22011
22025
22029
22049
22061
22071
22077
22079
22081
22083
22089
22091
22098
22120
22124
22139
22140
22172
22212
22213
22220
22246
22263
22279
22292
22298
22322
22326
22334
22359
22371
22395
22397
22399
22412
22438
22463
22484
22517
22538
22553
22558
22562
22567
22574
22581
22584
22597
22599
22602
22606
22608
22616
22621
22666
22677
22678
22683
22708
22736
22746
22753
22760
22765
22768
22778
22804
22816
22822
22824
22831
22837
22842
22862
22870
22871
22877
22891
22899
22916
22927
22938
22947
22958
22960
22966
22971
22978
22981
22999
23006
23007
23048
23051
23065
23068
23082
23087
23089
23092
23118
23128
23131
23152
23156
23158
23169
23170
23180
23193
23194
23209
23221
23234
23238
23255
23261
23271
23274
23277
23315
23346
23362
23380
23403
23411
23427
23433
23446
23490
23495
23497
23500
23510
23531
23540
23587
23592
23593
23603
23608
23612
23633
23634
23646
23648
23656
23657
23682
23684
23737
23740
23741
23761
23767
23771
23794
23800
23803
23814
23822
23834
23838
23839
23854
23856
23868
23883
23891
23894
23902
23922
23932
23943
23966
23967
23973
23998
24005
24009
24017
24038
24055
24060
24070
24077
24092
24097
24101
24107
24109
24121
24130
24135
24137
24165
24171
24175
24184
24192
24198
24236
24246
24266
24267
24271
24293
24296
24314
24328
24335
24336
24345
24346
24348
24380
24381
24386
24388
24389
24390
24396
24399
24403
24409
24410
24421
24422
24428
24434
24436
24442
24468
24484
24505
24546
24551
24575
24576
24601
24624
24642
24703
24704
24719
24721
24732
24746
24789
24808
24846
24850
24858
24862
24863
24875
24878
24904
24911
24916
24933
24949
24962
24982
24998
25007
25050
25081
25084
25111
25131
25147
25151
25160
25189
25203
25204
25213
25215
25219
25220
25224
25234
25239
25265
25266
25268
25282
25290
25291
25296
25297
25310
25318
25332
25338
25351
25355
25356
25367
25371
25393
25399
25406
25410
25415
25416
25431
25448
25454
25461
25462
25481
25486
25493
25496
25497
25516
25519
25553
25555
25560
25576
25581
25582
25586
25615
25618
25632
25651
25653
25654
25660
25664
25666
25675
25686
25710
25740
25742
25750
25751
25755
25757
25759
25765
25774
25785
25790
25797
25810
25833
25837
25839
25846
25860
25867
25879
25884
25900
25903
25918
25923
25934
25944
25949
25969
25986
26001
26030
26044
26045
26047
26054
26056
26069
26074
26076
26087
26088
26096
26107
26117
26120
26153
26155
26175
26192
26226
26233
26241
26243
26250
26257
26258
26264
26298
26300
26312
26321
26323
26330
26340
26345
26351
26385
26386
26389
26421
26425
26435
26439
26466
26468
26471
26473
26488
26494
26505
26532
26534
26539
26549
26594
26598
26599
26601
26604
26605
26611
26625
26637
26638
26648
26664
26695
26700
26702
26725
26726
26731
26739
26754
26771
26772
26795
26807
26812
26839
26841
26857
26862
26863
26864
26869
26872
26874
26913
26927
26930
26936
26944
26945
26946
26954
26960
26974
26984
27005
27020
27021
27023
27027
27029
27039
27048
27058
27063
27073
27085
27088
27098
27104
27105
27121
27136
27140
27153
27154
27158
27164
27208
27225
27227
27243
27259
27283
27285
27286
27301
27309
27326
27338
27340
27347
27350
27353
27356
27362
27369
27381
27393
27394
27396
27425
27428
27429
27453
27458
27466
27473
27474
27484
27504
27506
27508
27522
27523
27530
27534
27536
27538
27552
27563
27589
27601
27602
27603
27613
27629
27632
27651
27670
27675
27680
27685
27696
27726
27729
27761
27771
27776
27797
27804
27812
27824
27857
27865
27867
27870
27878
27896
27905
27906
27926
27937
27944
27946
27953
27969
27978
28035
28074
28086
28087
28104
28112
28116
28126
28159
28175
28183
28184
28201
28207
28209
28235
28237
28238
28267
28270
28276
28284
28288
28291
28302
28306
28312
28314
28315
28322
28324
28353
28355
28360
28364
28366
28374
28381
28385
28390
28392
28399
28434
28477
28481
28502
28503
28526
28530
28534
28558
28564
28565
28566
28599
28602
28603
28614
28624
28629
28640
28643
28646
28647
28652
28662
28663
28664
28665
28670
28690
28692
28695
28705
28707
28711
28730
28733
28738
28744
28747
28749
28750
28751
28770
28774
28783
28791
28795
28800
28805
28820
28839
28840
28842
28861
28864
28876
28884
28886
28905
28909
28910
28911
28915
28919
28921
28923
28945
28951
28966
28967
28977
28981
28995
29018
29022
29028
29031
29037
29052
29060
29061
29068
29074
29081
29096
29098
29120
29150
29156
29157
29168
29177
29180
29191
29201
29205
29211
29216
29226
29233
29234
29236
29248
29250
29268
29281
29291
29292
29296
29301
29304
29310
29337
29345
29363
29396
29417
29429
29430
29431
29441
29442
29443
29452
29453
29507
29512
29520
29521
29530
29543
29560
29604
29615
29620
29651
29658
29665
29673
29675
29676
29701
29706
29712
29718
29727
29728
29742
29762
29768
29769
29774
29775
29777
29789
29811
29837
29843
29856
29865
29867
29886
29888
29903
29924
29943
29944
29951
29973
29976
29987
30003
30007
30016
30037
30048
30083
30087
30091
30110
30112
30131
30144
30157
30166
30169
30175
30195
30202
30208
30211
30230
30231
30240
30254
30293
30304
30310
30327
30342
30349
30359
30364
30379
30406
30411
30415
30417
30430
30448
30449
30472
30504
30513
30516
30521
30525
30529
30531
30533
30535
30546
30571
30582
30587
30601
30630
30635
30646
30662
30680
30703
30713
30715
30737
30751
30752
30755
30773
30775
30780
30792
30806
30807
30817
30826
30832
30868
30880
30895
30918
30921
30926
30929
30943
30968
30991
31004
31008
31042
31054
31063
31082
31094
31097
31101
31104
31113
31124
31125
31128
31139
31147
31155
31163
31168
31172
31174
31195
31213
31221
31235
31241
31255
31264
31267
31324
31343
31373
31448
31451
31452
31453
31467
31468
31470
31472
31473
31478
31485
31487
31492
31498
31502
31504
31514
31546
31558
31564
31577
31606
31610
31644
31646
31652
31669
31674
31677
31690
31692
31713
31732
31743
31745
31767
31770
31773
31783
31785
31787
31804
31818
31824
31831
31834
31840
31841
31845
31859
31862
31865
31875
31879
31882
31894
31911
31917
31952
31962
31964
31966
31990
31999
32041
32048
32053
32055
32056
32062
32070
32071
32074
32088
32094
32113
32119
32121
32131
32132
32139
32148
32160
32162
32165
32173
32179
32181
32188
32198
32287
32293
32294
32305
32312
32337
32396
32399
32421
32422
32429
32435
32438
32445
32467
32484
32503
32504
32511
32524
32530
32536
32551
32564
32572
32594
32597
32625
32689
32703
32726
32732
32735
32760
32771
32819
32828
32839
32845
32857
32858
32862
32865
32869
32878
32890
32893
32896
32907
32914
32932
32936
32959
32961
32968
32975
32997
33000
33016
33035
33055
33072
33089
33104
33125
33141
33162
33163
33179
33184
33225
33231
33234
33242
33251
33265
33271
33287
33301
33318
33321
33328
33337
33355
33367
33374
33403
33406
33420
33427
33436
33454
33462
33468
33472
33474
33478
33487
33490
33494
33503
33529
33533
33541
33547
33558
33564
33573
33584
33595
33598
33600
33625
33646
33658
33673
33675
33693
33698
33713
33719
33725
33732
33738
33740
33766
33769
33776
33800
33806
33815
33835
33841
33848
33853
33855
33861
33869
33871
33898
33903
33904
33913
33914
33916
33919
33926
33930
33937
33939
33942
33959
33989
33997
34010
34037
34044
34066
34067
34069
34083
34091
34094
34106
34116
34127
34135
34150
34163
34171
34194
34214
34231
34241
34245
34249
34257
34267
34292
34304
34322
34332
34340
34348
34351
34356
34363
34364
34373
34374
34377
34383
34385
34388
34396
34398
34405
34409
34421
34433
34440
34444
34445
34461
34470
34489
34499
34503
34569
34570
34574
34584
34596
34610
34621
34642
34652
34665
34686
34696
34711
34722
34731
34744
34747
34757
34785
34802
34818
34822
34872
34889
34897
34898
34900
34925
34928
34931
34935
34945
34953
34967
34970
34974
34978
34989
34993
35000
35001
35002
35016
35018
35020
35027
35037
35046
35055
35064
35076
35078
35085
35087
35095
35144
35187
35190
35193
35195
35225
35238
35239
35240
35247
35252
35262
35286
35291
35296
35298
35311
35322
35337
35346
35350
35360
35391
35393
35399
35429
35448
35450
35457
35474
35491
35496
35510
35513
35517
35519
35535
35540
35553
35554
35575
35576
35578
35584
35585
35605
35606
35620
35630
35657
35665
35677
35679
35708
35709
35710
35715
35719
35722
35737
35742
35747
35755
35758
35764
35771
35774
35789
35792
35797
35813
35820
35835
35838
35848
35855
35866
35889
35894
35901
35905
35913
35937
35945
35946
35947
35959
35965
35967
35973
35985
35999
36005
36012
36026
36031
36040
36064
36073
36082
36085
36093
36098
36104
36119
36120
36129
36139
36145
36175
36182
36223
36234
36248
36250
36257
36276
36281
36302
36318
36324
36328
36353
36354
36361
36366
36373
36387
36399
36409
36433
36443
36454
36469
36485
36490
36499
36503
36504
36506
36551
36560
36564
36586
36613
36615
36631
36638
36639
36657
36667
36671
36672
36711
36718
36721
36725
36751
36753
36763
36764
36771
36774
36781
36794
36814
36828
36845
36847
36865
36881
36890
36891
36895
36902
36912
36914
36929
36931
36942
36943
36957
36962
36995
36998
37002
37008
37028
37034
37038
37041
37060
37067
37071
37073
37092
37095
37096
37097
37105
37135
37145
37149
37164
37175
37183
37192
37199
37202
37237
37241
37251
37258
37266
37269
37285
37296
37315
37317
37320
37323
37347
37348
37352
37353
37354
37365
37375
37383
37388
37389
37401
37404
37409
37416
37418
37420
37433
37436
37449
37458
37483
37488
37489
37493
37498
37509
37522
37529
37544
37554
37573
37591
37592
37616
37624
37630
37671
37680
37719
37727
37736
37738
37745
37762
37781
37794
37814
37817
37821
37823
37828
37843
37849
37851
37859
37862
37869
37873
37879
37881
37894
37908
37910
37911
37920
37925
37932
37933
37941
37999
38008
38015
38019
38026
38035
38040
38053
38064
38069
38087
38098
38106
38109
38118
38123
38127
38132
38138
38143
38149
38150
38161
38176
38201
38203
38252
38267
38276
38281
38289
38292
38305
38316
38327
38333
38334
38340
38343
38370
38375
38389
38395
38448
38456
38459
38464
38470
38480
38500
38513
38518
38528
38534
38545
38547
38570
38577
38578
38585
38601
38602
38608
38616
38635
38661
38666
38678
38688
38692
38694
38707
38740
38743
38750
38754
38758
38763
38766
38773
38777
38785
38793
38803
38805
38813
38833
38857
38863
38866
38893
38913
38917
38925
38946
38948
38952
38971
39017
39035
39054
39060
39105
39106
39118
39121
39145
39173
39176
39205
39209
39227
39243
39245
39279
39292
39294
39300
39312
39317
39329
39339
39361
39368
39380
39389
39393
39405
39416
39422
39433
39453
39473
39506
39516
39536
39543
39560
39568
39570
39575
39598
39627
39631
39650
39655
39675
39680
39691
39696
39699
39708
39723
39729
39739
39751
39762
39765
39774
39788
39792
39800
39808
39811
39821
39825
39829
39835
39860
39868
39880
39883
39886
39889
39895
39905
39910
39911
39913
39918
39939
39945
39952
39957
40005
40018
40023
40032
40033
40038
40050
40075
40078
40084
40086
40091
40096
40112
40120
40121
40135
40137
40149
40156
40158
40165
40170
40183
40186
40188
40195
40223
40225
40228
40233
40234
40244
40253
40254
40274
40281
40283
40286
40290
40309
40325
40336
40337
40338
40341
40348
40364
40390
40439
40445
40456
40457
40470
40490
40505
40519
40524
40528
40537
40544
40557
40560
40564
40585
40597
40608
40617
40642
40653
40660
40662
40686
40689
40693
40704
40713
40719
40729
40738
40740
40744
40757
40766
40840
40848
40860
40866
40881
40917
40926
40933
40951
40955
40959
40962
40968
40974
40983
40987
41009
41026
41041
41043
41045
41054
41095
41117
41160
41162
41175
41178
41179
41214
41234
41242
41246
41248
41259
41269
41270
41278
41285
41288
41322
41329
41335
41369
41380
41388
41392
41397
41399
41413
41419
41431
41438
41447
41464
41469
41478
41479
41515
41538
41548
41607
41612
41623
41640
41652
41654
41658
41659
41681
41702
41714
41742
41748
41749
41765
41769
41773
41775
41783
41788
41796
41797
41803
41808
41814
41840
41853
41873
41874
41898
41901
41915
41920
41923
41941
41942
41956
41962
41967
41972
41974
41987
41999
42012
42019
42035
42039
42043
42048
42049
42066
42069
42102
42112
42134
42136
42149
42151
42165
42188
42196
42201
42207
42213
42230
42237
42251
42265
42268
42269
42271
42274
42279
42284
42294
42312
42321
42326
42333
42342
42355
42375
42391
42393
42397
42403
42416
42420
42426
42430
42443
42452
42454
42459
42460
42468
42472
42474
42481
42484
42503
42527
42540
42549
42550
42566
42572
42576
42581
42586
42602
42606
42611
42623
42638
42649
42663
42669
42674
42677
42693
42702
42705
42711
42735
42737
42738
42754
42758
42761
42769
42773
42794
42801
42822
42839
42850
42853
42856
42864
42894
42901
42911
42926
42939
42955
42975
42979
43004
43019
43021
43024
43047
43058
43064
43065
43077
43088
43099
43104
43130
43156
43158
43159
43187
43204
43207
43209
43218
43252
43253
43268
43287
43296
43302
43309
43312
43317
43323
43345
43349
43358
43371
43404
43425
43432
43437
43446
43451
43453
43479
43481
43483
43484
43486
43496
43509
43527
43537
43538
43542
43547
43548
43559
43565
43572
43590
43610
43631
43650
43651
43664
43667
43671
43678
43694
43716
43753
43769
43783
43784
43788
43818
43831
43838
43850
43863
43864
43869
43888
43912
43916
43921
43924
43929
43935
43954
43973
43986
43992
43996
43999
44003
44004
44034
44045
44052
44056
44065
44067
44070
44099
44114
44115
44119
44132
44144
44164
44166
44176
44207
44210
