3
4
7
9
27
29
30
32
34
35
36
37
39
41
42
43
45
49
53
57
62
63
68
71
73
76
79
81
82
89
90
104
105
106
107
108
111
112
113
118
119
120
121
127
128
139
140
144
147
150
153
164
165
175
178
179
182
183
190
196
202
203
214
215
217
218
223
224
225
226
227
232
233
234
244
246
252
254
259
260
265
270
272
275
276
288
292
295
302
312
315
325
326
327
330
337
338
339
344
346
348
350
352
354
355
356
360
361
364
371
373
379
383
389
397
398
401
403
404
411
416
417
418
420
421
425
432
434
435
439
440
441
442
449
452
453
459
462
463
469
470
472
475
477
479
480
485
488
495
505
510
512
514
517
519
525
526
527
533
535
537
538
543
544
546
550
551
552
558
565
569
574
576
579
582
583
590
593
598
601
603
607
608
611
612
613
617
619
620
621
622
624
627
628
632
635
638
640
641
642
643
644
645
646
663
666
670
673
674
675
676
677
678
685
687
693
696
704
710
714
716
719
723
729
738
740
741
743
744
745
747
748
749
755
758
759
763
764
768
769
773
774
775
778
782
791
795
803
805
806
807
813
818
822
830
831
839
843
845
846
848
849
855
862
865
868
870
875
880
883
893
894
896
898
899
902
904
905
906
907
909
911
917
921
923
924
926
927
935
936
938
942
943
949
951
952
955
956
957
963
964
967
974
975
978
981
984
985
989
990
994
995
999
1000
1003
1004
1007
1016
1018
1020
1022
1025
1027
1031
1032
1038
1041
1043
1045
1050
1056
1058
1059
1061
1064
1065
1068
1076
1078
1083
1084
1085
1086
1090
1094
1104
1107
1109
1110
1111
1116
1119
1123
1131
1134
1139
1140
1141
1144
1150
1152
1153
1155
1157
1163
1166
1167
1169
1177
1183
1185
1186
1190
1191
1192
1200
1202
1211
1216
1217
1221
1225
1230
1233
1235
1243
1245
1249
1251
1253
1256
1259
1261
1266
1268
1270
1276
1279
1283
1285
1288
1289
1290
1291
1294
1298
1300
1302
1305
1306
1315
1321
1324
1326
1329
1331
1333
1334
1338
1341
1342
1347
1351
1354
1357
1359
1361
1365
1366
1368
1383
1384
1386
1387
1390
1394
1399
1400
1403
1408
1410
1412
1415
1416
1417
1419
1420
1422
1423
1426
1427
1429
1430
1432
1433
1434
1446
1447
1448
1449
1457
1459
1463
1464
1467
1470
1472
1476
1484
1485
1487
1489
1490
1495
1497
1498
1505
1506
1509
1511
1512
1519
1520
1526
1527
1528
1541
1547
1549
1559
1560
1564
1566
1567
1572
1573
1575
1582
1585
1587
1590
1591
1592
1594
1596
1597
1600
1601
1602
1603
1604
1608
1609
1614
1615
1617
1619
1623
1626
1629
1633
1634
1635
1636
1637
1639
1640
1644
1645
1646
1647
1648
1650
1659
1664
1667
1669
1671
1673
1674
1677
1683
1685
1688
1691
1693
1703
1708
1710
1711
1713
1715
1723
1726
1733
1735
1738
1742
1744
1746
1752
1764
1769
1782
1784
1786
1787
1790
1792
1794
1798
1799
1801
1808
1817
1819
1820
1821
1823
1830
1837
1839
1841
1845
1846
1847
1848
1850
1851
1860
1865
1866
1872
1873
1875
1882
1885
1887
1888
1890
1891
1898
1899
1900
1902
1904
1906
1908
1909
1910
1911
1915
1916
1919
1923
1929
1932
1935
1939
1949
1950
1957
1958
1959
1960
1961
1962
1963
1964
1970
1971
1972
1976
1980
1981
1989
1991
1992
1993
1999
2001
2003
2004
2009
2016
2025
2029
2035
2039
2042
2045
2047
2050
2054
2055
2056
2057
2059
2063
2067
2068
2070
2071
2074
2076
2077
2087
2089
2091
2101
2105
2107
2108
2109
2112
2113
2119
2123
2136
2142
2143
2148
2149
2150
2153
2155
2158
2160
2164
2166
2168
2172
2175
2177
2181
2182
2184
2197
2199
2200
2201
2202
2208
2211
2213
2216
2225
2230
2234
2235
2240
2243
2244
2245
2247
2255
2256
2260
2265
2266
2271
2272
2277
2285
2288
2290
2292
2295
2296
2298
2299
2305
2309
2311
2314
2315
2316
2317
2318
2319
2322
2329
2336
2338
2339
2340
2352
2353
2354
2359
2364
2366
2369
2373
2374
2375
2376
2379
2382
2383
2384
2386
2392
2396
2403
2405
2406
2423
2424
2428
2430
2432
2434
2435
2436
2441
2442
2446
2447
2450
2453
2459
2462
2464
2467
2469
2471
2472
2477
2479
2483
2484
2486
2493
2494
2496
2497
2499
2501
2502
2503
2505
2511
2514
2518
2519
2523
2524
2527
2532
2533
2534
2535
2536
2538
2542
2544
2545
2547
2555
2559
2563
2566
2567
2571
2574
2576
2577
2578
2584
2586
2589
2590
2592
2597
2603
2604
2606
2614
2615
2616
2621
2623
2630
2632
2635
2636
2637
2642
2643
2644
2648
2653
2656
2660
2661
2667
2669
2676
2677
2685
2686
2689
2695
2696
2700
2701
2706
2708
2709
2714
2719
2720
2724
2727
2734
2735
2737
2738
2739
2743
2746
2750
2752
2753
2757
2759
2769
2771
2772
2776
2777
2779
2784
2787
2789
2790
2793
2798
2799
2801
2803
2805
2807
2808
2810
2812
2816
2818
2823
2828
2829
2831
2832
2834
2835
2837
2839
2852
2854
2857
2862
2863
2866
2869
2870
2874
2876
2877
2878
2880
2881
2882
2887
2890
2895
2898
2900
2902
2904
2905
2908
2909
2911
2913
2918
2919
2922
2925
2926
2930
2931
2936
2938
2943
2944
2950
2951
2954
2958
2966
2968
2969
2970
2971
2975
2981
2989
2993
2994
2997
2998
3008
3009
3012
3013
3016
3022
3024
3026
3029
3040
3042
3043
3050
3052
3053
3054
3057
3064
3065
3066
3069
3070
3071
3074
3076
3077
3078
3081
3086
3093
3095
3096
3100
3103
3105
3107
3109
3110
3112
3119
3126
3129
3135
3136
3138
3140
3150
3152
3156
3159
3160
3167
3170
3174
3178
3181
3183
3184
3185
3190
3192
3193
3197
3199
3201
3202
3205
3208
3209
3212
3214
3215
3219
3221
3225
3230
3232
3234
3236
3237
3239
3242
3244
3255
3261
3266
3271
3274
3276
3284
3285
3286
3287
3289
3290
3295
3297
3300
3301
3302
3303
3306
3309
3310
3313
3315
3319
3322
3326
3328
3329
3331
3332
3339
3343
3348
3349
3353
3354
3355
3356
3361
3362
3363
3364
3366
3370
3372
3374
3376
3377
3378
3380
3381
3383
3387
3389
3392
3393
3394
3395
3397
3399
3403
3405
3407
3412
3414
3419
3420
3424
3432
3435
3437
3444
3446
3447
3448
3450
3457
3464
3465
3469
3470
3472
3479
3482
3490
3494
3496
3501
3502
3506
3508
3510
3521
3525
3530
3535
3542
3543
3545
3556
3560
3566
3568
3572
3575
3576
3581
3582
3587
3589
3591
3593
3595
3600
3611
3612
3617
3621
3622
3625
3634
3638
3639
3641
3644
3645
3646
3653
3659
3661
3662
3663
3664
3665
3668
3673
3680
3684
3686
3689
3692
3693
3695
3696
3698
3706
3708
3709
3715
3718
3721
3725
3730
3734
3735
3736
3739
3740
3743
3745
3749
3754
3755
3756
3758
3759
3761
3762
3764
3770
3773
3780
3784
3793
3796
3798
3799
3802
3805
3807
3809
3811
3814
3816
3820
3830
3831
3833
3836
3838
3839
3840
3844
3858
3859
3860
3861
3862
3863
3867
3868
3871
3872
3873
3875
3878
3882
3883
3885
3888
3891
3898
3903
3908
3914
3933
3936
3946
3949
3950
3955
3956
3958
3963
3968
3969
3971
3974
3975
3976
3977
3978
3983
3987
3988
3990
3992
3994
3999
4001
4004
4005
4006
4008
4010
4011
4013
4015
4016
4026
4032
4038
4041
4043
4046
4047
4051
4053
4058
4060
4063
4064
4068
4069
4072
4077
4083
4085
4087
4088
4092
4093
4097
4098
4101
4103
4105
4107
4113
4114
4120
4122
4127
4128
4129
4130
4131
4133
4137
4139
4141
4143
4144
4150
4152
4153
4156
4163
4165
4167
4170
4171
4172
4173
4174
4175
4176
4187
4189
4197
4201
4202
4203
4210
4212
4217
4218
4220
4222
4224
4227
4228
4233
4234
4236
4238
4241
4243
4246
4247
4267
4268
4269
4270
4275
4278
4284
4285
4287
4292
4293
4296
4299
4300
4303
4305
4306
4307
4313
4317
4322
4323
4324
4327
4329
4330
4331
4356
4357
4360
4361
4362
4365
4369
4372
4376
4379
4380
4382
4383
4387
4389
4392
4396
4401
4404
4405
4406
4409
4417
4418
4419
4422
4426
4427
4428
4432
4433
4434
4437
4440
4441
4446
4447
4448
4449
4453
4455
4456
4459
4463
4464
4476
4477
4484
4489
4498
4499
4504
4514
4515
4519
4521
4524
4527
4531
4534
4539
4543
4550
4551
4559
4560
4561
4562
4567
4572
4575
4576
4577
4578
4580
4581
4583
4586
4588
4592
4597
4598
4599
4600
4601
4605
4608
4609
4610
4611
4613
4620
4623
4624
4629
4632
4633
4634
4636
4638
4643
4646
4648
4649
4653
4655
4656
4661
4667
4668
4671
4675
4677
4681
4684
4689
4690
4699
4705
4709
4710
4712
4714
4716
4720
4722
4736
4737
4742
4743
4746
4747
4749
4750
4758
4759
4772
4776
4789
4792
4794
4801
4804
4806
4807
4811
4813
4815
4826
4837
4842
4843
4844
4846
4849
4853
4855
4860
4868
4871
4872
4876
4877
4881
4885
4886
4888
4889
4890
4893
4895
4896
4899
4904
4909
4913
4917
4920
4923
4928
4938
4944
4945
4950
4951
4954
4956
4957
4963
4967
4968
4971
4972
4973
4975
4976
4978
4986
4988
4990
4992
4996
4999
5003
5004
5011
5016
5017
5019
5021
5026
5027
5029
5031
5036
5038
5041
5042
5053
5054
5057
5060
5062
5063
5064
5065
5068
5071
5078
5079
5080
5082
5084
5088
5089
5096
5098
5101
5107
5118
5124
5125
5127
5130
5133
5134
5139
5140
5144
5145
5148
5149
5152
5155
5157
5158
5161
5162
5167
5168
5170
5175
5177
5181
5182
5183
5188
5193
5201
5202
5204
5205
5207
5210
5213
5215
5216
5222
5225
5230
5231
5233
5234
5235
5236
5238
5240
5252
5254
5255
5269
5270
5271
5272
5275
5281
5283
5291
5293
5300
5305
5308
5309
5310
5313
5317
5326
5331
5332
5334
5345
5346
5347
5349
5350
5353
5354
5356
5362
5363
5364
5369
5370
5375
5376
5381
5382
5385
5396
5397
5398
5403
5406
5409
5410
5412
5415
5416
5418
5419
5422
5423
5431
5433
5434
5440
5441
5442
5448
5456
5457
5459
5460
5462
5463
5468
5473
5474
5479
5482
5485
5487
5490
5491
5493
5496
5497
5498
5502
5503
5514
5517
5523
5525
5527
5531
5534
5537
5538
5546
5548
5549
5550
5551
5553
5564
5567
5575
5576
5578
5580
5582
5584
5589
5593
5594
5597
5601
5602
5603
5606
5607
5608
5609
5616
5618
5619
5624
5629
5632
5633
5636
5640
5642
5644
5647
5653
5654
5655
5659
5671
5673
5674
5679
5685
5688
5691
5692
5697
5698
5702
5704
5706
5707
5708
5709
5719
5722
5723
5728
5731
5737
5741
5747
5752
5753
5755
5765
5767
5769
5770
5771
5774
5778
5779
5784
5788
5789
5791
5794
5799
5805
5811
5815
5816
5818
5820
5823
5825
5826
5831
5832
5833
5835
5838
5845
5846
5847
5849
5853
5855
5858
5861
5871
5873
5874
5877
5883
5884
5887
5889
5897
5903
5904
5905
5906
5910
5913
5917
5918
5921
5926
5931
5937
5942
5953
5955
5959
5966
5967
5970
5971
5972
5981
5984
5987
5988
5996
5997
6005
6008
6011
6019
6022
6024
6026
6034
6035
6038
6044
6045
6053
6058
6061
6068
6069
6083
6085
6086
6088
6090
6092
6096
6100
6105
6106
6112
6122
6123
6124
6126
6127
6129
6137
6139
6150
6154
6157
6159
6160
6162
6165
6166
6167
6168
6172
6174
6175
6180
6184
6186
6187
6191
6192
6194
6197
6200
6201
6208
6211
6212
6215
6217
6222
6223
6224
6225
6227
6229
6231
6232
6233
6237
6241
6242
6244
6247
6252
6256
6257
6258
6259
6264
6279
6285
6290
6295
6299
6300
6301
6305
6306
6312
6316
6317
6322
6325
6326
6327
6328
6338
6344
6348
6349
6350
6356
6357
6358
6364
6365
6371
6376
6377
6380
6382
6385
6392
6393
6394
6397
6399
6400
6401
6402
6404
6406
6409
6410
6424
6427
6428
6429
6433
6436
6448
6449
6451
6452
6453
6456
6458
6459
6462
6463
6464
6466
6471
6472
6473
6477
6479
6484
6492
6495
6496
6500
6502
6515
6526
6527
6529
6531
6536
6537
6540
6544
6552
6557
6559
6572
6575
6576
6577
6580
6584
6585
6587
6588
6592
6593
6594
6597
6598
6599
6601
6613
6618
6621
6624
6629
6631
6632
6636
6637
6638
6639
6642
6643
6645
6648
6649
6654
6657
6659
6664
6665
6666
6670
6673
6679
6680
6683
6684
6685
6687
6689
6695
6698
6699
6701
6702
6705
6707
6708
6709
6710
6717
6719
6724
6732
6735
6736
6743
6747
6756
6758
6762
6764
6766
6768
6776
6781
6782
6783
6790
6792
6797
6800
6803
6804
6806
6809
6814
6817
6819
6822
6826
6829
6830
6833
6834
6841
6844
6845
6846
6847
6850
6856
6857
6872
6875
6876
6877
6880
6882
6883
6884
6890
6891
6894
6903
6904
6914
6919
6927
6928
6931
6932
6933
6935
6939
6946
6947
6949
6951
6955
6956
6960
6961
6964
6968
6969
6971
6974
6980
6982
6984
6986
6987
6994
6995
6996
6997
7000
7004
7005
7006
7007
7011
7012
7013
7019
7020
7023
7024
7034
7039
7040
7042
7047
7049
7050
7053
7054
7055
7058
7060
7061
7064
7071
7076
7079
7084
7085
7090
7094
7096
7102
7103
7105
7106
7117
7122
7131
7132
7144
7145
7148
7155
7156
7167
7168
7169
7174
7178
7179
7182
7184
7185
7188
7193
7197
7203
7207
7209
7218
7219
7220
7221
7226
7230
7234
7235
7236
7240
7245
7246
7247
7249
7250
7252
7253
7255
7256
7260
7261
7263
7264
7270
7271
7272
7273
7274
7276
7277
7278
7283
7286
7287
7289
7290
7292
7302
7306
7308
7309
7314
7324
7326
7330
7331
7336
7338
7343
7345
7352
7354
7364
7366
7367
7368
7371
7374
7375
7378
7382
7389
7390
7391
7392
7394
7398
7399
7400
7405
7407
7408
7410
7417
7423
7424
7425
7428
7429
7434
7437
7441
7442
7443
7448
7449
7451
7452
7453
7454
7455
7457
7467
7468
7471
7472
7473
7474
7475
7476
7477
7485
7488
7490
7493
7496
7498
7500
7508
7514
7515
7519
7524
7529
7532
7533
7536
7538
7539
7541
7542
7544
7550
7553
7554
7564
7566
7567
7571
7572
7580
7581
7585
7594
7596
7597
7609
7612
7614
7615
7619
7620
7622
7625
7626
7627
7628
7630
7632
7640
7643
7644
7646
7649
7652
7655
7656
7658
7659
7660
7662
7672
7673
7681
7683
7684
7685
7686
7695
7697
7698
7699
7706
7707
7713
7714
7716
7730
7736
7737
7739
7742
7744
7747
7748
7753
7757
7764
7767
7768
7770
7775
7776
7779
7782
7783
7788
7790
7797
7798
7800
7801
7802
7809
7817
7818
7819
7820
7822
7823
7824
7825
7830
7837
7838
7848
7852
7856
7861
7863
7864
7866
7875
7877
7879
7886
7891
7895
7896
7897
7899
7901
7904
7912
7914
7918
7919
7920
7923
7928
7939
7940
7943
7946
7948
7951
7954
7957
7966
7967
7969
7970
7974
7980
7981
7989
7991
7997
7998
8002
8005
8010
8011
8012
8016
8024
8028
8032
8033
8036
8038
8039
8042
8044
8046
8048
8049
8051
8053
8055
8061
8062
8067
8069
8070
8078
8081
8082
8085
8086
8088
8090
8093
8094
8098
8099
8103
8106
8110
8113
8116
8118
8120
8122
8123
8127
8132
8135
8137
8139
8152
8158
8162
8163
8165
8167
8171
8175
8176
8179
8189
8192
8193
8196
8197
8198
8199
8203
8206
8208
8209
8212
8219
8225
8226
8230
8232
8233
8235
8236
8238
8239
8241
8244
8249
8255
8260
8261
8263
8270
8275
8276
8277
8284
8285
8286
8287
8294
8295
8309
8315
8316
8320
8326
8327
8333
8334
8337
8341
8351
8352
8353
8355
8357
8358
8361
8363
8366
8369
8374
8379
8386
8389
8390
8392
8402
8410
8416
8418
8420
8425
8429
8439
8442
8443
8445
8447
8449
8451
8453
8459
8464
8465
8468
8477
8480
8481
8491
8493
8495
8497
8502
8503
8504
8506
8512
8521
8527
8531
8534
8537
8538
8542
8543
8545
8550
8552
8553
8554
8556
8560
8572
8573
8576
8580
8582
8584
8587
8589
8591
8596
8597
8600
8603
8604
8609
8619
8631
8636
8637
8643
8644
8646
8647
8649
8657
8659
8661
8663
8665
8671
8672
8673
8674
8677
8678
8689
8691
8692
8694
8698
8700
8702
8704
8705
8706
8712
8713
8718
8720
8723
8724
8725
8726
8727
8728
8731
8732
8733
8734
8737
8739
8742
8747
8750
8751
8752
8754
8758
8764
8766
8779
8782
8789
8793
8799
8803
8807
8808
8809
8810
8813
8816
8818
8821
8822
8824
8829
8831
8838
8839
8842
8848
8862
8864
8867
8870
8875
8880
8881
8892
8895
8899
8901
8912
8916
8917
8919
8920
8926
8932
8934
8942
8944
8945
8946
8949
8950
8957
8958
8959
8963
8964
8968
8969
8979
8981
8984
8989
8991
8992
8996
9002
9008
9014
9015
9021
9027
9028
9032
9033
9034
9035
9037
9039
9048
9055
9063
9069
9071
9074
9079
9083
9085
9087
9089
9090
9091
9092
9094
9095
9097
9100
9104
9105
9111
9112
9114
9115
9119
9123
9126
9132
9138
9144
9147
9148
9149
9151
9153
9157
9159
9160
9161
9162
9164
9168
9171
9173
9181
9184
9185
9187
9191
9192
9193
9194
9196
9200
9201
9204
9205
9207
9210
9216
9217
9221
9222
9223
9224
9230
9234
9236
9238
9239
9240
9242
9244
9246
9248
9252
9256
9258
9260
9263
9265
9266
9267
9274
9275
9279
9280
9283
9290
9291
9293
9296
9300
9302
9304
9308
9309
9313
9316
9319
9325
9331
9332
9333
9335
9337
9341
9346
9348
9349
9351
9353
9354
9356
9360
9371
9375
9377
9380
9384
9386
9387
9394
9395
9396
9399
9407
9414
9416
9417
9418
9419
9428
9431
9433
9434
9435
9439
9440
9447
9449
9451
9453
9456
9457
9466
9479
9480
9481
9488
9490
9491
9495
9496
9497
9507
9508
9527
9528
9532
9543
9544
9546
9554
9556
9559
9561
9569
9573
9574
9578
9579
9581
9583
9584
9587
9588
9591
9592
9594
9601
9603
9607
9608
9609
9611
9614
9615
9616
9618
9619
9622
9623
9625
9628
9633
9634
9640
9641
9643
9645
9646
9650
9652
9655
9656
9658
9665
9668
9670
9672
9679
9684
9685
9688
9689
9691
9692
9700
9703
9705
9706
9712
9713
9715
9716
9722
9724
9727
9732
9737
9738
9739
9752
9754
9756
9758
9759
9766
9768
9769
9772
9773
9776
9777
9778
9786
9787
9788
9791
9794
9796
9797
9799
9800
9803
9805
9810
9811
9812
9813
9814
9816
9822
9825
9826
9831
9834
9840
9841
9843
9847
9848
9850
9854
9858
9860
9864
9866
9876
9881
9883
9886
9888
9889
9891
9898
9900
9904
9909
9914
9918
9920
9923
9927
9928
9929
9944
9945
9947
9953
9958
9959
9961
9963
9964
9969
9970
9977
9978
9984
9992
10000
10007
10008
10016
10018
10022
10023
10025
10030
10034
10036
10038
10044
10045
10046
10050
10054
10055
10057
10060
10081
10085
10087
10089
10104
10105
10107
10112
10123
10128
10129
10139
10142
10147
10148
10156
10161
10165
10166
10169
10170
10171
10173
10174
10179
10180
10182
10186
10187
10188
10191
10192
10193
10194
10195
10200
10207
10209
10213
10216
10218
10219
10221
10222
10225
10226
10229
10240
10242
10244
10246
10248
10249
10251
10255
10257
10261
10262
10267
10270
10275
10278
10284
10285
10286
10288
10289
10291
10293
10297
10299
10300
10302
10305
10310
10314
10315
10316
10317
10319
10330
10331
10333
10337
10338
10352
10357
10362
10363
10366
10370
10375
10379
10384
10385
10386
10388
10395
10396
10406
10407
10408
10410
10411
10415
10416
10421
10423
10427
10429
10430
10431
10434
10435
10436
10441
10447
10457
10466
10468
10469
10471
10476
10479
10480
10482
10483
10485
10486
10490
10493
10508
10509
10512
10513
10515
10516
10519
10520
10522
10525
10527
10533
10536
10539
10547
10548
10553
10556
10557
10558
10559
10561
10567
10569
10570
10574
10575
10577
10578
10580
10582
10587
10592
10594
10598
10600
10601
10608
10609
10610
10612
10614
10617
10618
10621
10623
10624
10625
10627
10630
10632
10635
10639
10644
10652
10655
10657
10658
10661
10662
10665
10666
10669
10672
10680
10684
10691
10694
10696
10708
10709
10711
10712
10716
10718
10720
10725
10729
10731
10739
10744
10745
10746
10747
10751
10753
10755
10757
10761
10774
10776
10781
10787
10794
10798
10801
10815
10816
10819
10823
10826
10827
10832
10834
10835
10839
10840
10841
10847
10851
10852
10853
10857
10858
10861
10865
10869
10872
10875
10876
10878
10879
10886
10888
10891
10892
10896
10899
10900
10903
10906
10914
10918
10919
10924
10927
10931
10933
10937
10938
10939
10944
10947
10948
10949
10954
10955
10959
10961
10965
10966
10968
10969
10971
10972
10977
10980
10984
10989
10992
10993
10998
11005
11016
11018
11019
11023
11028
11035
11041
11046
11047
11052
11054
11061
11064
11069
11071
11075
11077
11082
11084
11089
11091
11098
11099
11101
11103
11105
11109
11112
11114
11117
11124
11125
11134
11135
11136
11137
11141
11144
11145
11156
11161
11165
11167
11170
11175
11180
11182
11188
11192
11200
11203
11206
11208
11209
11213
11214
11219
11222
11224
11226
11228
11232
11237
11241
11244
11245
11248
11249
11251
11252
11254
11259
11260
11261
11263
11264
11268
11273
11275
11276
11277
11279
11280
11281
11283
11284
11288
11291
11302
11305
11311
11313
11320
11323
11324
11327
11329
11330
11331
11333
11344
11345
11348
11355
11362
11363
11364
11366
11375
11376
11378
11382
11387
11388
11390
11391
11393
11397
11404
11408
11412
11413
11416
11418
11419
11422
11424
11429
11430
11437
11440
11442
11446
11449
11452
11455
11466
11472
11475
11477
11481
11491
11494
11496
11498
11502
11504
11508
11510
11513
11514
11515
11521
11522
11523
11527
11528
11531
11533
11536
11538
11541
11546
11548
11557
11561
11563
11569
11574
11581
11582
11585
11592
11597
11600
11604
11606
11609
11611
11612
11618
11619
11622
11624
11626
11629
11631
11633
11638
11640
11652
11663
11665
11673
11674
11680
11693
11694
11695
11697
11699
11702
11711
11713
11714
11715
11721
11722
11723
11724
11728
11731
11735
11738
11742
11745
11749
11750
11753
11754
11755
11759
11760
11761
11766
11770
11774
11777
11779
11784
11798
11799
11801
11803
11807
11809
11810
11812
11818
11821
11822
11824
11827
11828
11831
11834
11835
11840
11843
11849
11855
11856
11862
11864
11866
11875
11876
11879
11882
11884
11885
11886
11888
11890
11891
11892
11893
11899
11900
11901
11905
11907
11909
11914
11916
11917
11919
11920
11922
11927
11931
11936
11937
11940
11942
11947
11948
11949
11952
11955
11958
11960
11971
11972
11974
11980
11983
11984
11985
11989
11990
11992
11994
12001
12004
12005
12008
12017
12019
12027
12028
12029
12041
12045
12046
12057
12059
12061
12063
12066
12069
12078
12080
12081
12088
12090
12091
12092
12098
12100
12101
12106
12107
12108
12117
12121
12124
12131
12132
12135
12143
12151
12152
12155
12160
12163
12164
12167
12169
12180
12182
12184
12194
12196
12200
12203
12211
12218
12222
12225
12231
12233
12234
12235
12236
12237
12238
12240
12245
12250
12256
12258
12260
12266
12267
12269
12270
12275
12276
12279
12284
12285
12286
12289
12291
12292
12294
12310
12311
12318
12319
12321
12326
12328
12332
12336
12340
12342
12347
12353
12358
12359
12360
12361
12364
12366
12381
12382
12386
12394
12399
12401
12403
12407
12408
12409
12420
12422
12425
12429
12430
12436
12438
12446
12447
12451
12453
12455
12456
12459
12467
12469
12474
12475
12477
12481
12482
12483
12485
12488
12492
12494
12499
12501
12503
12506
12511
12519
12525
12531
12538
12541
12543
12549
12550
12553
12554
12556
12558
12559
12560
12562
12567
12569
12573
12574
12577
12579
12584
12585
12587
12590
12596
12597
12601
12603
12605
12606
12607
12608
12609
12613
12617
12618
12620
12624
12627
12630
12633
12635
12650
12651
12652
12660
12661
12662
12665
12667
12669
12671
12679
12682
12684
12685
12687
12691
12692
12696
12701
12702
12706
12709
12715
12716
12726
12727
12735
12738
12740
12741
12746
12748
12755
12758
12766
12777
12779
12784
12787
12788
12789
12790
12794
12798
12803
12804
12806
12810
12814
12818
12820
12824
12826
12829
12832
12833
12836
12838
12844
12848
12849
12853
12859
12865
12867
12868
12871
12876
12880
12883
12884
12886
12891
12892
12897
12900
12903
12910
12912
12913
12914
12920
12921
12923
12931
12935
12939
12941
12942
12946
12947
12950
12952
12954
12958
12960
12964
12968
12970
12972
12973
12977
12978
12989
12995
12999
13000
13003
13008
13009
13013
13015
13017
13023
13024
13028
13029
13032
13038
13039
13044
13045
13048
13049
13050
13052
13056
13057
13058
13059
13061
13063
13076
13079
13085
13086
13094
13097
13101
13104
13106
13107
13113
13124
13129
13130
13131
13132
13133
13136
13140
13143
13144
13150
13152
13154
13155
13158
13159
13166
13168
13176
13177
13178
13182
13184
13189
13191
13197
13198
13199
13201
13204
13205
13208
13210
13218
13223
13224
13225
13226
13229
13230
13238
13239
13240
13241
13244
13248
13249
13253
13254
13255
13256
13263
13266
13267
13268
13275
13277
13278
13279
13281
13283
13284
13286
13288
13289
13291
13294
13300
13303
13308
13311
13312
13313
13314
13316
13323
13326
13327
13330
13334
13337
13338
13340
13355
13360
13361
13362
13365
13368
13370
13371
13372
13373
13376
13383
13384
13386
13393
13394
13397
13403
13406
13408
13409
13410
13414
13416
13418
13421
13426
13432
13434
13440
13444
13448
13452
13453
13458
13459
13462
13464
13466
13473
13475
13477
13478
13479
13484
13489
13495
13498
13500
13501
13502
13505
13506
13512
13513
13517
13518
13522
13523
13529
13532
13533
13538
13539
13543
13544
13549
13551
13555
13557
13561
13562
13564
13566
13568
13569
13575
13576
13577
13578
13584
13587
13590
13601
13612
13620
13624
13625
13638
13641
13643
13644
13646
13647
13648
13656
13667
13675
13681
13688
13689
13693
13696
13699
13701
13703
13705
13708
13710
13713
13714
13722
13723
13724
13732
13735
13738
13739
13743
13747
13749
13750
13762
13763
13765
13766
13775
13776
13783
13788
13792
13796
13798
13803
13804
13805
13806
13808
13811
13813
13817
13818
13820
13827
13828
13831
13835
13842
13843
13846
13852
13856
13869
13870
13879
13881
13883
13884
13885
13906
13909
13910
13915
13916
13917
13921
13922
13924
13925
13927
13933
13937
13941
13944
13946
13947
13949
13957
13961
13969
13971
13973
13975
13976
13983
13985
13986
13987
13991
13992
13996
13997
13998
14003
14005
14009
14021
14022
14027
14028
14031
14032
14033
14042
14044
14045
14052
14055
14056
14057
14058
14060
14061
14066
14067
14071
14075
14081
14083
14084
14085
14087
14089
14095
14096
14097
14098
14107
14113
14116
14120
14123
14126
14132
14134
14140
14141
14146
14147
14152
14156
14157
14159
14166
14167
14177
14183
14184
14185
14186
14188
14190
14191
14193
14194
14199
14200
14203
14206
14211
14215
14217
14220
14225
14228
14229
14231
14236
14242
14248
14250
14252
14253
14254
14255
14261
14263
14267
14271
14273
14274
14280
14283
14288
14291
14292
14303
14304
14306
14312
14315
14319
14322
14325
14326
14342
14344
14346
14354
14356
14364
14368
14372
14374
14375
14378
14381
14385
14388
14389
14393
14395
14398
14402
14405
14406
14413
14428
14430
14431
14438
14441
14444
14446
14456
14461
14463
14464
14469
14470
14478
14492
14499
14500
14504
14506
14507
14508
14509
14517
14527
14529
14533
14537
14542
14547
14549
14550
14556
14557
14559
14560
14561
14566
14571
14573
14582
14584
14588
14593
14594
14597
14601
14603
14605
14606
14607
14611
14613
14615
14617
14620
14623
14624
14626
14632
14633
14634
14636
14640
14642
14648
14649
14651
14660
14661
14662
14664
14666
14668
14672
14673
14676
14677
14681
14692
14693
14697
14699
14701
14704
14708
14709
14717
14718
14723
14726
14729
14732
14733
14739
14741
14742
14750
14751
14752
14753
14754
14758
14761
14762
14776
14777
14779
14783
14788
14789
14791
14793
14800
14803
14811
14813
14818
14823
14827
14828
14830
14831
14843
14845
14849
14850
14853
14855
14858
14861
14864
14865
14869
14875
14876
14877
14878
14883
14888
14889
14890
14893
14897
14907
14911
14914
14915
14919
14922
14925
14927
14928
14931
14939
14945
14952
14960
14962
14965
14969
14971
14977
14978
14982
14987
14989
14991
14992
14993
14995
14999
15003
15006
15011
15017
15019
15020
15021
15026
15027
15029
15033
15038
15039
15041
15044
15048
15050
15053
15056
15057
15058
15065
15067
15071
15075
15076
15077
15081
15084
15086
15088
15089
15091
15101
15103
15108
15112
15126
15128
15129
15131
15132
15133
15136
15139
15140
15142
15143
15144
15145
15152
15154
15155
15156
15164
15167
15172
15175
15176
15179
15180
15185
15186
15187
15193
15195
15196
15197
15210
15214
15217
15218
15221
15227
15228
15230
15232
15234
15235
15243
15245
15247
15256
15257
15258
15264
15272
15273
15275
15276
15278
15279
15280
15281
15289
15290
15293
15294
15296
15300
15310
15319
15321
15329
15330
15332
15335
15336
15341
15343
15345
15353
15355
15357
15358
15363
15365
15366
15370
15372
15378
15380
15387
15390
15396
15403
15405
15406
15408
15412
15414
15420
15424
15425
15442
15443
15446
15450
15453
15455
15458
15460
15467
15468
15470
15474
15480
15483
15484
15494
15501
15504
15508
15509
15510
15512
15513
15516
15517
15521
15523
15524
15535
15537
15540
15542
15548
15552
15553
15558
15560
15561
15566
15567
15569
15570
15571
15573
15577
15589
15591
15592
15602
15606
15607
15616
15618
15620
15626
15627
15628
15629
15630
15637
15638
15639
15640
15644
15645
15646
15647
15650
15664
15665
15670
15672
15673
15676
15677
15681
15689
15690
15691
15692
15696
15706
15714
15715
15724
15732
15735
15736
15738
15747
15748
15753
15755
15758
15761
15765
15770
15772
15775
15778
15782
15784
15785
15787
15794
15795
15796
15797
15800
15807
15808
15812
15825
15828
15834
15835
15840
15843
15846
15848
15849
15851
15854
15861
15864
15866
15868
15869
15870
15871
15880
15883
15886
15887
15891
15897
15899
15903
15904
15907
15909
15911
15923
15924
15927
15930
15936
15941
15943
15955
15964
15966
15967
15968
15969
15972
15979
15983
15985
15987
15989
15994
15998
16001
16002
16003
16008
16015
16025
16026
16027
16028
16029
16030
16031
16033
16034
16042
16043
16044
16046
16047
16050
16051
16056
16057
16058
16059
16061
16069
16072
16075
16078
16081
16090
16092
16107
16111
16114
16115
16119
16120
16122
16123
16128
16133
16134
16139
16141
16142
16147
16148
16149
16151
16152
16155
16158
16159
16160
16162
16170
16173
16174
16176
16179
16180
16181
16182
16186
16188
16189
16194
16198
16208
16209
16210
16212
16216
16219
16220
16222
16223
16225
16227
16231
16237
16239
16240
16242
16243
16247
16250
16255
16260
16264
16269
16270
16272
16278
16280
16282
16284
16285
16294
16298
16299
16312
16314
16316
16318
16322
16324
16328
16332
16333
16334
16337
16338
16341
16345
16346
16348
16350
16354
16356
16361
16363
16366
16375
16377
16380
16381
16386
16389
16390
16395
16396
16399
16407
16411
16412
16415
16421
16427
16428
16431
16437
16439
16440
16443
16444
16446
16447
16449
16451
16457
16461
16473
16475
16476
16482
16490
16497
16498
16499
16501
16504
16508
16510
16512
16514
16516
16522
16523
16528
16529
16532
16535
16536
16545
16546
16548
16552
16553
16555
16558
16561
16563
16564
16567
16568
16569
16572
16575
16577
16581
16582
16589
16591
16596
16598
16599
16600
16605
16606
16609
16612
16613
16615
16617
16620
16622
16623
16625
16627
16633
16642
16643
16644
16645
16647
16648
16650
16659
16667
16670
16674
16683
16684
16688
16689
16693
16698
16700
16701
16703
16707
16709
16716
16717
16719
16722
16723
16725
16727
16729
16734
16735
16741
16744
16745
16746
16748
16750
16759
16761
16766
16770
16772
16774
16780
16782
16785
16790
16792
16803
16808
16812
16814
16815
16817
16818
16819
16822
16823
16825
16827
16828
16833
16834
16836
16839
16843
16845
16849
16850
16859
16868
16871
16872
16878
16882
16886
16892
16897
16899
16902
16911
16914
16915
16924
16929
16931
16933
16937
16938
16946
16949
16951
16954
16955
16956
16959
16961
16964
16980
16981
16982
16983
16984
16988
16989
16992
16994
16995
16996
16997
17002
17005
17006
17012
17013
17015
17017
17020
17022
17024
17025
17027
17034
17041
17044
17045
17047
17048
17049
17051
17056
17059
17070
17076
17077
17078
17083
17085
17087
17093
17100
17101
17108
17110
17114
17120
17132
17136
17140
17141
17142
17143
17144
17147
17148
17150
17153
17155
17161
17162
17167
17171
17172
17183
17184
17186
17193
17198
17199
17202
17203
17207
17208
17212
17214
17215
17216
17219
17221
17222
17223
17226
17232
17234
17235
17240
17245
17248
17250
17262
17265
17266
17270
17281
17283
17292
17294
17295
17297
17307
17312
17316
17318
17319
17322
17326
17330
17333
17335
17336
17338
17341
17344
17348
17350
17353
17357
17360
17361
17363
17366
17369
17373
17377
17383
17385
17391
17392
17396
17397
17398
17400
17401
17403
17405
17406
17408
17410
17411
17412
17420
17421
17427
17429
17433
17434
17438
17446
17449
17450
17451
17452
17454
17457
17458
17459
17462
17466
17469
17472
17474
17476
17480
17482
17484
17493
17498
17500
17502
17504
17508
17515
17526
17530
17533
17534
17535
17538
17540
17544
17545
17550
17551
17560
17561
17563
17564
17566
17569
17578
17580
17583
17585
17586
17587
17594
17596
17598
17604
17605
17606
17607
17609
17611
17615
17618
17620
17622
17625
17626
17629
17630
17631
17632
17634
17635
17644
17647
17651
17652
17653
17663
17665
17669
17670
17674
17680
17681
17683
17692
17696
17697
17699
17707
17708
17710
17712
17714
17715
17716
17717
17722
17726
17729
17730
17736
17739
17741
17745
17746
17761
17763
17768
17774
17781
17782
17783
17786
17788
17790
17791
17792
17800
17802
17804
17805
17806
17815
17819
17825
17826
17828
17838
17839
17855
17860
17862
17863
17865
17867
17868
17869
17879
17883
17887
17895
17899
17903
17909
17910
17915
17917
17918
17920
17921
17924
17927
17930
17931
17936
17939
17940
17943
17947
17950
17951
17957
17959
17963
17969
17970
17971
17972
17975
17981
17982
17987
17988
17993
17996
18000
18008
18011
18019
18020
18022
18024
18027
18029
18032
18036
18038
18043
18047
18049
18050
18054
18059
18062
18068
18069
18073
18075
18077
18080
18081
18083
18087
18093
18095
18097
18099
18100
18101
18103
18105
18106
18108
18109
18118
18125
18126
18132
18144
18147
18148
18149
18150
18153
18164
18167
18168
18170
18172
18173
18174
18176
18178
18183
18184
18186
18190
18194
18195
18199
18203
18206
18207
18212
18220
18225
18226
18227
18232
18247
18248
18249
18250
18251
18253
18255
18262
18263
18264
18269
18270
18271
18275
18276
18278
18282
18284
18290
18292
18296
18297
18298
18300
18301
18302
18312
18313
18318
18325
18326
18330
18334
18335
18336
18342
18345
18350
18354
18356
18359
18360
18365
18366
18368
18369
18372
18374
18376
18382
18391
18393
18394
18395
18397
18399
18401
18404
18407
18409
18410
18411
18412
18415
18423
18429
18435
18439
18440
18441
18442
18445
18448
18451
18456
18459
18463
18467
18470
18471
18472
18475
18477
18482
18483
18485
18487
18490
18496
18499
18500
18507
18514
18518
18521
18523
18524
18526
18540
18541
18552
18553
18554
18555
18556
18560
18561
18562
18564
18565
18569
18573
18579
18590
18591
18592
18594
18597
18599
18604
18614
18615
18622
18624
18626
18628
18636
18637
18639
18647
18650
18652
18657
18658
18659
18663
18664
18666
18667
18668
18669
18671
18674
18679
18680
18684
18685
18686
18687
18690
18691
18693
18696
18698
18702
18704
18707
18711
18712
18714
18725
18732
18733
18744
18749
18751
18753
18757
18758
18759
18761
18762
18764
18767
18769
18771
18773
18781
18782
18790
18793
18800
18804
18806
18808
18810
18814
18816
18818
18823
18824
18825
18834
18846
18856
18858
18859
18864
18868
18870
18875
18880
18881
18885
18886
18887
18892
18896
18904
18907
18910
18911
18914
18915
18916
18924
18928
18929
18930
18933
18934
18940
18941
18942
18944
18947
18948
18952
18954
18955
18956
18960
18961
18963
18964
18965
18969
18970
18974
18977
18978
18987
18989
18993
18998
18999
19000
19003
19008
19015
19018
19019
19022
19025
19026
19034
19036
19037
19039
19042
19044
19047
19048
19049
19051
19053
19065
19083
19084
19088
19090
19093
19097
19104
19105
19113
19114
19115
19117
19118
19119
19127
19128
19129
19131
19132
19134
19135
19136
19137
19139
19144
19149
19151
19153
19154
19157
19158
19162
19163
19164
19166
19170
19171
19174
19177
19178
19180
19181
19184
19188
19192
19194
19198
19199
19201
19202
19204
19207
19210
19212
19214
19217
19218
19219
19226
19231
19239
19241
19242
19245
19246
19250
19252
19253
19255
19256
19258
19259
19260
19263
19265
19269
19270
19272
19275
19276
19277
19280
19281
19282
19284
19287
19290
19293
19294
19297
19298
19299
19301
19302
19303
19304
19308
19316
19326
19327
19332
19335
19337
19356
19358
19360
19364
19366
19373
19376
19379
19381
19383
19387
19389
19393
19394
19397
19399
19408
19412
19418
19423
19425
19429
19437
19438
19439
19442
19445
19452
19453
19454
19457
19458
19463
19465
19466
19467
19471
19472
19475
19478
19481
19482
19484
19491
19492
19494
19498
19499
19501
19503
19504
19505
19516
19522
19524
19528
19535
19537
19539
19542
19545
19549
19553
19555
19556
19557
19558
19567
19570
19572
19574
19575
19580
19582
19584
19588
19590
19591
19602
19610
19619
19620
19622
19630
19631
19636
19645
19646
19650
19651
19654
19658
19661
19662
19671
19673
19676
19681
19683
19685
19690
19692
19693
19694
19695
19699
19700
19702
19709
19710
19712
19716
19717
19719
19720
19721
19722
19723
19733
19734
19740
19747
19755
19757
19759
19762
19773
19776
19777
19778
19779
19780
19784
19786
19787
19790
19791
19794
19796
19797
19809
19810
19814
19823
19826
19827
19828
19829
19833
19835
19850
19852
19861
19863
19864
19871
19873
19875
19878
19881
19883
19884
19893
19896
19902
19904
19908
19909
19914
19921
19924
19925
19926
19930
19933
19937
19939
19941
19943
19946
19950
19955
19959
19961
19963
19964
19967
19971
19972
19975
19977
19980
19983
19986
19991
19995
19998
20002
20011
20013
20015
20018
20022
20027
20040
20041
20046
20051
20053
20055
20056
20058
20059
20063
20068
20071
20078
20080
20082
20089
20090
20091
20092
20095
20099
20100
20101
20104
20110
20111
20112
20113
20116
20119
20120
20123
20127
20129
20131
20133
20134
20135
20139
20142
20147
20148
20149
20150
20151
20155
20158
20160
20173
20175
20178
20179
20181
20191
20192
20193
20194
20195
20197
20205
20215
20217
20222
20224
20228
20231
20235
20237
20242
20249
20255
20260
20262
20264
20270
20272
20276
20281
20284
20285
20287
20288
20289
20293
20299
20301
20303
20310
20322
20323
20325
20329
20330
20332
20334
20341
20343
20348
20351
20353
20356
20358
20360
20364
20368
20369
20372
20376
20378
20379
20381
20389
20393
20395
20399
20402
20406
20410
20412
20413
20418
20419
20423
20426
20427
20432
20438
20439
20440
20441
20445
20448
20451
20452
20454
20455
20456
20457
20460
20473
20474
20476
20477
20482
20489
20490
20491
20493
20495
20499
20500
20502
20504
20506
20508
20510
20516
20518
20520
20521
20523
20528
20529
20530
20534
20535
20537
20539
20540
20542
20546
20547
20549
20557
20558
20563
20566
20570
20572
20575
20580
20581
20586
20589
20592
20595
20597
20601
20612
20614
20619
20623
20624
20629
20633
20634
20637
20639
20640
20645
20646
20647
20652
20654
20658
20661
20664
20669
20673
20675
20679
20681
20683
20691
20695
20700
20703
20705
20707
20713
20714
20716
20718
20720
20724
20725
20727
20735
20737
20739
20740
20742
20746
20748
20749
20761
20762
20766
20769
20771
20779
20783
20785
20789
20792
20793
20795
20798
20806
20808
20810
20811
20818
20821
20823
20828
20831
20833
20838
20843
20844
20845
20846
20848
20849
20853
20857
20858
20861
20862
20863
20864
20870
20876
20878
20881
20885
20892
20898
20900
20901
20903
20908
20913
20914
20919
20927
20929
20930
20932
20933
20935
20937
20939
20944
20946
20950
20951
20959
20961
20962
20966
20968
20970
20973
20974
20975
20981
20982
20993
20995
20998
21001
21002
21004
21011
21012
21015
21021
21023
21026
21029
21036
21042
21044
21046
21053
21056
21058
21060
21062
21071
21072
21077
21083
21084
21085
21087
21089
21091
21094
21096
21103
21111
21112
21113
21115
21118
21122
21124
21131
21133
21135
21138
21141
21147
21154
21157
21158
21161
21163
21167
21169
21173
21176
21177
21179
21181
21182
21185
21188
21197
21200
21204
21208
21209
21210
21212
21214
21215
21216
21219
21221
21222
21227
21229
21232
21234
21236
21237
21239
21240
21242
21244
21253
21254
21257
21260
21261
21263
21266
21267
21270
21272
21277
21279
21280
21281
21285
21286
21290
21291
21295
21297
21300
21302
21309
21312
21316
21317
21319
21320
21321
21323
21325
21328
21330
21332
21334
21335
21351
21352
21355
21365
21366
21372
21376
21379
21380
21393
21394
21395
21403
21404
21405
21411
21414
21416
21417
21422
21423
21424
21426
21430
21431
21432
21434
21436
21437
21440
21447
21451
21452
21453
21457
21461
21462
21464
21466
21468
21470
21471
21474
21475
21480
21487
21491
21492
21499
21501
21506
21508
21509
21510
21511
21518
21522
21526
21528
21530
21532
21534
21536
21537
21540
21542
21543
21547
21550
21554
21559
21561
21563
21564
21565
21567
21575
21579
21580
21583
21587
21589
21594
21600
21602
21603
21608
21610
21611
21615
21616
21624
21635
21641
21643
21644
21645
21654
21659
21664
21668
21671
21673
21674
21676
21677
21680
21689
21691
21693
21696
21697
21698
21701
21704
21705
21712
21715
21721
21724
21725
21733
21734
21739
21741
21743
21744
21746
21747
21752
21756
21757
21758
21763
21771
21780
21784
21785
21786
21795
21796
21800
21804
21806
21807
21817
21818
21825
21826
21832
21833
21834
21839
21840
21841
21845
21850
21851
21853
21854
21856
21859
21864
21866
21873
21874
21876
21879
21882
21883
21892
21894
21896
21897
21898
21900
21901
21905
21906
21909
21910
21911
21912
21913
21927
21929
21934
21942
21944
21946
21950
21957
21958
21959
21961
21966
21971
21972
21973
21975
21976
21977
21986
21994
21995
21996
22000
22001
22002
22005
22009
22016
22017
22020
22021
22022
22026
22034
22036
22038
22039
22040
22043
22046
22047
22053
22057
22060
22062
22064
22067
22072
22075
22085
22096
22102
22106
22109
22110
22114
22117
22119
22121
22122
22125
22126
22128
22131
22132
22138
22141
22144
22145
22151
22155
22156
22158
22163
22164
22165
22166
22168
22170
22173
22176
22177
22180
22184
22188
22192
22193
22195
22199
22204
22206
22208
22216
22223
22224
22225
22226
22227
22230
22232
22236
22238
22244
22248
22254
22257
22264
22271
22275
22280
22282
22283
22284
22286
22287
22288
22296
22297
22302
22304
22306
22307
22308
22309
22312
22317
22319
22320
22324
22325
22336
22345
22347
22357
22358
22360
22365
22367
22373
22375
22377
22383
22384
22387
22389
22390
22391
22394
22400
22402
22403
22408
22414
22417
22423
22433
22434
22436
22441
22442
22446
22447
22450
22452
22455
22456
22457
22465
22469
22472
22477
22479
22485
22487
22488
22491
22492
22496
22500
22502
22504
22505
22506
22509
22510
22511
22512
22516
22518
22519
22520
22521
22522
22524
22525
22526
22527
22529
22532
22536
22539
22541
22542
22544
22549
22551
22554
22556
22557
22560
22561
22563
22566
22570
22571
22575
22579
22583
22591
22592
22604
22607
22617
22620
22630
22636
22637
22641
22643
22644
22645
22646
22656
22657
22660
22662
22665
22668
22669
22671
22672
22674
22682
22686
22690
22691
22694
22695
22696
22699
22703
22704
22711
22712
22713
22715
22716
22718
22721
22723
22724
22729
22734
22738
22747
22751
22752
22756
22757
22780
22781
22783
22786
22788
22792
22794
22795
22797
22798
22801
22805
22806
22807
22809
22812
22819
22825
22827
22832
22833
22835
22838
22839
22846
22851
22855
22860
22867
22873
22875
22876
22879
22880
22884
22886
22887
22895
22896
22897
22900
22902
22903
22905
22907
22913
22914
22917
22921
22926
22933
22937
22942
22945
22946
22948
22949
22950
22952
22953
22954
22955
22956
22961
22963
22967
22972
22974
22976
22979
22987
22991
22994
22995
23005
23009
23015
23022
23024
23025
23037
23039
23041
23043
23049
23053
23056
23058
23059
23060
23062
23070
23073
23078
23079
23081
23085
23091
23094
23095
23098
23099
23101
23102
23109
23111
23114
23121
23122
23126
23127
23129
23134
23137
23140
23141
23149
23150
23151
23157
23161
23164
23165
23167
23173
23175
23177
23179
23181
23182
23183
23184
23186
23197
23198
23202
23203
23207
23214
23216
23218
23223
23224
23226
23231
23233
23235
23236
23237
23239
23241
23245
23249
23251
23259
23260
23266
23267
23269
23272
23281
23284
23286
23291
23292
23294
23295
23297
23298
23301
23304
23309
23312
23317
23324
23325
23328
23330
23336
23340
23352
23354
23355
23359
23363
23365
23372
23377
23379
23383
23386
23389
23392
23393
23401
23406
23408
23415
23417
23418
23425
23426
23430
23431
23436
23441
23442
23443
23447
23451
23458
23460
23461
23464
23468
23474
23477
23478
23479
23480
23482
23483
23484
23489
23492
23494
23498
23503
23504
23513
23520
23522
23523
23525
23526
23532
23534
23543
23552
23555
23557
23558
23564
23565
23568
23572
23574
23575
23577
23579
23581
23583
23588
23591
23595
23607
23624
23626
23627
23630
23635
23636
23638
23641
23642
23650
23652
23654
23668
23670
23675
23678
23680
23685
23686
23693
23694
23699
23701
23704
23705
23710
23711
23712
23713
23720
23725
23727
23731
23736
23739
23746
23756
23759
23765
23769
23770
23772
23774
23776
23777
23791
23805
23806
23807
23815
23817
23818
23821
23823
23824
23829
23833
23837
23842
23843
23845
23846
23852
23855
23857
23859
23864
23866
23867
23870
23882
23887
23889
23893
23896
23899
23900
23905
23906
23907
23908
23911
23913
23914
23920
23921
23928
23929
23934
23942
23944
23945
23947
23958
23965
23972
23977
23981
23993
23996
23997
24002
24003
24010
24011
24012
24013
24023
24030
24031
24034
24039
24045
24049
24050
24051
24052
24056
24059
24062
24065
24067
24068
24072
24076
24083
24084
24085
24086
24087
24088
24090
24098
24103
24111
24117
24119
24123
24127
24128
24129
24131
24132
24140
24141
24145
24148
24149
24152
24153
24155
24159
24161
24167
24170
24173
24178
24181
24183
24185
24187
24189
24190
24191
24193
24195
24203
24206
24212
24214
24215
24216
24226
24230
24234
24240
24247
24253
24255
24256
24259
24265
24268
24272
24273
24276
24277
24278
24279
24281
24285
24286
24287
24289
24290
24291
24292
24304
24306
24309
24312
24313
24315
24318
24322
24329
24330
24338
24341
24342
24343
24347
24349
24351
24367
24370
24371
24372
24373
24374
24375
24376
24379
24395
24397
24398
24402
24411
24416
24418
24423
24425
24426
24429
24430
24432
24435
24437
24439
24444
24448
24449
24451
24452
24456
24460
24461
24467
24469
24471
24472
24474
24476
24480
24485
24486
24487
24498
24499
24500
24501
24504
24506
24511
24513
24515
24519
24520
24522
24523
24524
24526
24529
24531
24537
24542
24543
24544
24547
24554
24556
24561
24577
24581
24584
24587
24592
24595
24600
24602
24610
24611
24615
24618
24620
24621
24622
24626
24629
24630
24631
24635
24638
24640
24646
24647
24648
24649
24652
24653
24657
24659
24669
24672
24674
24676
24677
24678
24682
24687
24688
24689
24698
24711
24713
24716
24731
24737
24739
24743
24745
24751
24753
24755
24756
24757
24759
24761
24768
24772
24773
24774
24778
24779
24785
24786
24787
24790
24796
24798
24802
24804
24807
24811
24815
24816
24819
24823
24825
24826
24827
24831
24832
24834
24837
24841
24851
24853
24857
24865
24866
24869
24871
24872
24873
24874
24880
24884
24885
24887
24888
24889
24891
24893
24902
24903
24909
24910
24914
24915
24928
24929
24934
24936
24938
24939
24940
24941
24943
24944
24947
24948
24951
24953
24960
24965
24968
24970
24972
24973
24980
24984
24986
24987
24992
24999
25000
25001
25002
25006
25010
25011
25013
25016
25017
25022
25031
25037
25043
25045
25054
25055
25057
25058
25060
25061
25065
25067
25069
25070
25078
25080
25091
25093
25097
25100
25103
25105
25107
25108
25110
25112
25113
25114
25117
25120
25121
25122
25124
25129
25134
25135
25136
25141
25143
25145
25152
25154
25156
25157
25161
25165
25173
25175
25178
25179
25183
25185
25186
25190
25192
25194
25196
25199
25201
25205
25207
25209
25216
25217
25236
25237
25238
25241
25245
25250
25257
25258
25260
25264
25270
25271
25272
25276
25277
25281
25284
25286
25287
25294
25307
25308
25309
25312
25315
25316
25320
25323
25324
25330
25335
25336
25340
25342
25343
25349
25354
25363
25366
25369
25370
25373
25375
25377
25381
25382
25389
25391
25394
25397
25405
25409
25417
25419
25422
25425
25427
25428
25430
25435
25437
25439
25441
25443
25445
25447
25450
25451
25463
25465
25468
25470
25472
25473
25480
25482
25502
25504
25513
25514
25515
25517
25521
25522
25525
25529
25530
25531
25532
25533
25538
25541
25542
25545
25546
25547
25548
25550
25554
25559
25569
25571
25573
25574
25577
25578
25579
25580
25583
25588
25589
25593
25597
25600
25604
25606
25613
25614
25616
25620
25621
25624
25627
25636
25637
25638
25639
25645
25649
25652
25658
25659
25663
25668
25682
25685
25691
25694
25695
25698
25702
25706
25707
25718
25721
25724
25725
25726
25728
25730
25738
25745
25747
25749
25752
25754
25756
25760
25762
25764
25769
25772
25776
25779
25781
25794
25799
25800
25804
25805
25807
25808
25815
25818
25820
25822
25824
25826
25829
25830
25831
25835
25841
25844
25847
25850
25852
25857
25858
25859
25862
25863
25864
25869
25870
25871
25872
25878
25880
25882
25885
25887
25888
25891
25893
25894
25896
25897
25898
25909
25910
25911
25915
25917
25919
25922
25924
25925
25927
25937
25939
25943
25946
25950
25952
25960
25962
25963
25964
25965
25971
25972
25975
25981
25983
25985
25987
25990
25994
25995
25996
25997
25998
26000
26003
26005
26011
26012
26013
26019
26020
26025
26029
26033
26038
26039
26042
26046
26048
26053
26058
26060
26061
26062
26064
26066
26068
26070
26072
26073
26075
26077
26079
26082
26090
26093
26094
26099
26100
26101
26108
26110
26112
26113
26115
26118
26133
26135
26140
26144
26146
26149
26158
26161
26162
26165
26166
26167
26169
26170
26171
26172
26177
26181
26186
26194
26195
26199
26207
26208
26211
26212
26213
26215
26216
26218
26225
26228
26229
26230
26231
26234
26236
26239
26242
26244
26247
26251
26253
26256
26259
26263
26265
26271
26277
26278
26279
26280
26285
26286
26288
26296
26297
26299
26301
26302
26308
26310
26311
26313
26318
26320
26322
26324
26325
26326
26329
26334
26335
26336
26337
26343
26346
26348
26349
26350
26352
26353
26354
26357
26362
26363
26365
26366
26369
26372
26377
26384
26388
26391
26392
26393
26394
26395
26396
26401
26403
26404
26405
26406
26407
26410
26412
26417
26420
26427
26430
26432
26440
26443
26445
26447
26450
26453
26454
26455
26458
26459
26470
26472
26474
26477
26479
26480
26482
26484
26485
26487
26490
26491
26492
26496
26504
26507
26508
26510
26511
26514
26518
26520
26522
26524
26527
26528
26530
26535
26537
26538
26544
26547
26559
26562
26565
26578
26580
26583
26587
26591
26592
26596
26600
26606
26612
26623
26630
26633
26634
26640
26642
26643
26645
26646
26647
26649
26652
26653
26654
26655
26657
26662
26663
26665
26669
26671
26675
26676
26684
26690
26691
26698
26704
26705
26706
26709
26713
26717
26719
26721
26724
26728
26729
26735
26741
26743
26744
26750
26753
26755
26758
26762
26770
26778
26783
26785
26786
26791
26793
26794
26796
26798
26799
26801
26802
26804
26809
26810
26811
26822
26823
26824
26825
26826
26828
26831
26835
26838
26843
26846
26848
26854
26855
26860
26861
26878
26885
26887
26888
26889
26891
26893
26896
26900
26901
26902
26904
26905
26907
26910
26911
26914
26915
26923
26931
26938
26939
26941
26942
26947
26949
26951
26952
26959
26962
26963
26966
26968
26969
26970
26971
26972
26976
26980
26983
26987
26989
26993
26995
26997
26999
27003
27006
27009
27012
27015
27017
27019
27026
27030
27035
27037
27041
27042
27045
27046
27049
27050
27051
27052
27055
27056
27060
27061
27064
27065
27068
27071
27072
27074
27078
27084
27086
27087
27093
27094
27096
27097
27100
27106
27109
27110
27111
27114
27115
27116
27118
27127
27128
27132
27133
27134
27135
27142
27147
27148
27149
27165
27167
27170
27175
27176
27179
27183
27184
27185
27186
27187
27189
27197
27198
27200
27203
27206
27207
27209
27211
27214
27217
27218
27220
27222
27223
27224
27226
27228
27231
27234
27238
27242
27246
27248
27250
27252
27253
27256
27261
27265
27266
27272
27273
27274
27282
27284
27287
27294
27297
27298
27302
27303
27305
27308
27310
27314
27318
27321
27322
27325
27336
27339
27342
27343
27344
27346
27349
27351
27364
27367
27370
27371
27377
27379
27385
27386
27391
27398
27401
27402
27403
27407
27410
27411
27412
27415
27417
27423
27424
27431
27432
27434
27435
27437
27440
27441
27442
27444
27449
27451
27456
27459
27460
27462
27468
27470
27476
27478
27485
27488
27489
27491
27497
27498
27499
27509
27510
27511
27513
27514
27516
27518
27521
27526
27529
27533
27537
27541
27543
27545
27547
27548
27555
27571
27572
27574
27575
27582
27585
27587
27588
27590
27604
27607
27610
27612
27616
27622
27626
27628
27630
27634
27638
27640
27644
27647
27657
27661
27662
27665
27666
27668
27669
27671
27674
27686
27689
27690
27692
27693
27694
27698
27706
27708
27711
27713
27715
27716
27722
27728
27730
27731
27732
27734
27735
27737
27738
27739
27740
27742
27744
27745
27747
27751
27752
27755
27758
27764
27765
27767
27768
27769
27773
27775
27777
27779
27780
27781
27785
27786
27792
27800
27801
27803
27810
27811
27819
27820
27827
27828
27829
27830
27835
27836
27839
27846
27850
27852
27859
27864
27866
27875
27885
27887
27891
27892
27895
27898
27899
27901
27902
27903
27909
27910
27913
27918
27924
27928
27930
27934
27939
27941
27945
27947
27956
27962
27963
27964
27965
27966
27968
27971
27973
27980
27984
27985
27993
27995
27998
28001
28006
28007
28008
28009
28010
28012
28017
28020
28021
28022
28026
28027
28034
28037
28038
28039
28042
28043
28050
28052
28053
28057
28065
28068
28073
28078
28079
28080
28090
28094
28099
28102
28103
28106
28108
28114
28115
28117
28120
28123
28125
28130
28132
28135
28137
28142
28143
28148
28149
28153
28155
28157
28160
28164
28169
28171
28176
28180
28181
28185
28187
28188
28189
28195
28200
28202
28204
28214
28216
28218
28224
28226
28232
28233
28234
28240
28241
28244
28249
28250
28255
28256
28258
28260
28261
28264
28265
28266
28269
28274
28275
28280
28282
28285
28292
28294
28298
28305
28307
28310
28311
28313
28328
28332
28333
28335
28336
28338
28342
28345
28347
28348
28349
28351
28356
28358
28362
28363
28367
28368
28369
28372
28373
28383
28387
28393
28395
28396
28400
28405
28407
28410
28414
28415
28425
28428
28431
28435
28438
28440
28442
28447
28448
28449
28451
28458
28459
28461
28464
28465
28466
28469
28470
28471
28473
28474
28476
28483
28490
28492
28493
28497
28504
28506
28508
28513
28515
28521
28527
28536
28537
28541
28545
28547
28549
28550
28551
28552
28553
28554
28556
28559
28561
28569
28570
28575
28576
28577
28580
28585
28589
28592
28593
28595
28596
28598
28600
28601
28604
28606
28607
28613
28615
28619
28625
28628
28630
28632
28637
28642
28648
28650
28653
28654
28656
28657
28667
28674
28677
28681
28684
28687
28693
28700
28709
28712
28714
28716
28720
28726
28728
28735
28743
28746
28752
28755
28757
28758
28767
28768
28769
28786
28787
28788
28792
28793
28796
28802
28804
28812
28813
28814
28818
28819
28823
28826
28828
28829
28835
28838
28843
28846
28849
28851
28853
28855
28856
28869
28870
28871
28874
28875
28878
28879
28880
28887
28890
28891
28892
28900
28906
28907
28908
28913
28916
28922
28927
28930
28932
28933
28934
28936
28944
28946
28950
28955
28957
28959
28962
28963
28968
28969
28971
28976
28978
28982
28983
28986
28991
28996
28997
29002
29003
29004
29005
29014
29015
29016
29023
29024
29034
29040
29043
29048
29051
29056
29059
29063
29064
29067
29076
29080
29082
29084
29086
29089
29090
29093
29099
29103
29104
29108
29112
29113
29114
29117
29118
29121
29122
29129
29131
29137
29138
29139
29140
29142
29144
29145
29146
29152
29154
29155
29159
29162
29164
29167
29173
29175
29185
29192
29194
29195
29200
29203
29206
29210
29212
29213
29214
29217
29222
29225
29232
29241
29244
29247
29252
29260
29262
29266
29270
29271
29272
29283
29286
29295
29298
29299
29308
29309
29312
29317
29320
29321
29322
29324
29329
29335
29338
29342
29344
29346
29347
29351
29352
29353
29354
29358
29359
29360
29361
29362
29367
29373
29381
29383
29384
29385
29389
29394
29395
29399
29402
29406
29407
29409
29413
29416
29419
29425
29426
29427
29433
29435
29436
29438
29439
29440
29445
29450
29454
29455
29456
29458
29459
29460
29465
29472
29474
29475
29486
29491
29495
29498
29500
29504
29505
29506
29508
29511
29516
29518
29519
29522
29523
29535
29542
29545
29547
29552
29554
29557
29558
29559
29563
29566
29569
29570
29576
29581
29586
29595
29598
29607
29609
29617
29619
29621
29629
29633
29634
29638
29639
29642
29644
29647
29649
29650
29653
29657
29662
29663
29666
29668
29670
29671
29680
29682
29685
29688
29689
29690
29693
29696
29699
29704
29708
29709
29715
29717
29719
29721
29723
29725
29730
29735
29737
29738
29739
29740
29741
29745
29746
29752
29754
29756
29757
29758
29759
29760
29765
29766
29767
29771
29772
29776
29781
29782
29785
29786
29787
29794
29801
29802
29804
29806
29810
29820
29823
29824
29825
29826
29827
29830
29831
29838
29840
29844
29845
29847
29848
29849
29852
29858
29861
29862
29863
29868
29871
29877
29879
29880
29881
29884
29889
29891
29892
29896
29899
29900
29902
29904
29906
29908
29909
29910
29911
29914
29917
29918
29920
29921
29928
29933
29935
29937
29938
29941
29950
29953
29955
29956
29957
29958
29960
29964
29965
29968
29970
29972
29984
29992
29997
29998
30000
30002
30011
30024
30029
30030
30033
30035
30044
30046
30047
30055
30058
30059
30060
30061
30065
30067
30068
30072
30073
30075
30076
30080
30081
30082
30086
30090
30092
30096
30097
30104
30108
30109
30111
30113
30115
30118
30121
30124
30128
30130
30137
30138
30143
30147
30148
30149
30150
30151
30153
30155
30156
30158
30162
30163
30164
30165
30171
30173
30177
30179
30183
30192
30194
30203
30204
30207
30209
30212
30213
30215
30218
30222
30223
30227
30229
30234
30239
30242
30244
30245
30251
30253
30255
30257
30258
30261
30267
30269
30270
30274
30278
30287
30291
30292
30295
30296
30300
30301
30303
30305
30307
30311
30313
30314
30315
30318
30320
30332
30336
30353
30355
30360
30365
30367
30371
30372
30375
30377
30383
30385
30391
30395
30396
30398
30401
30402
30410
30416
30436
30439
30444
30447
30450
30451
30452
30455
30456
30458
30462
30464
30466
30473
30476
30478
30480
30481
30483
30484
30485
30486
30488
30490
30492
30503
30507
30509
30510
30512
30517
30520
30522
30527
30528
30530
30534
30536
30538
30540
30542
30543
30548
30550
30553
30554
30556
30559
30560
30561
30563
30564
30566
30570
30572
30574
30579
30586
30588
30592
30593
30594
30602
30603
30604
30608
30609
30612
30613
30616
30617
30618
30627
30632
30634
30638
30639
30641
30643
30649
30651
30655
30656
30657
30658
30661
30667
30670
30672
30676
30682
30683
30686
30691
30693
30694
30698
30699
30704
30707
30716
30717
30719
30720
30721
30729
30730
30733
30736
30738
30741
30743
30757
30759
30764
30771
30778
30779
30781
30787
30788
30791
30793
30799
30801
30805
30813
30814
30821
30823
30824
30827
30828
30829
30831
30835
30836
30839
30844
30846
30855
30858
30861
30866
30867
30869
30875
30879
30882
30885
30888
30890
30892
30896
30901
30903
30904
30906
30907
30908
30913
30915
30916
30917
30919
30930
30932
30937
30939
30941
30944
30945
30948
30950
30952
30954
30956
30959
30960
30964
30966
30970
30973
30974
30976
30978
30988
30989
30990
30993
30996
31000
31001
31002
31003
31011
31013
31014
31016
31017
31018
31029
31033
31037
31038
31040
31048
31050
31051
31055
31058
31059
31061
31062
31065
31066
31067
31069
31079
31083
31086
31087
31089
31090
31095
31102
31105
31106
31107
31112
31115
31117
31123
31126
31129
31131
31133
31134
31135
31137
31149
31152
31154
31160
31161
31164
31170
31171
31175
31177
31180
31181
31182
31187
31190
31193
31200
31204
31205
31210
31217
31219
31230
31232
31236
31238
31239
31244
31246
31247
31249
31252
31253
31254
31259
31262
31263
31266
31270
31272
31273
31275
31276
31278
31280
31282
31284
31285
31290
31295
31296
31298
31303
31304
31306
31308
31309
31312
31315
31316
31318
31319
31321
31323
31325
31328
31329
31330
31331
31332
31333
31335
31337
31338
31339
31342
31346
31350
31355
31365
31366
31369
31370
31376
31378
31381
31383
31384
31389
31390
31394
31398
31409
31411
31415
31418
31420
31426
31427
31428
31429
31433
31435
31441
31444
31449
31454
31455
31459
31461
31465
31466
31476
31477
31480
31482
31486
31488
31491
31493
31494
31499
31503
31505
31516
31520
31521
31523
31524
31526
31531
31533
31537
31544
31547
31549
31554
31556
31557
31559
31562
31563
31565
31571
31573
31574
31576
31585
31589
31593
31594
31595
31596
31601
31605
31616
31618
31629
31637
31639
31640
31645
31648
31650
31653
31654
31656
31660
31670
31671
31672
31678
31681
31682
31683
31685
31686
31693
31700
31701
31702
31703
31706
31709
31714
31715
31716
31719
31722
31724
31728
31730
31741
31744
31747
31749
31750
31752
31756
31757
31761
31763
31765
31776
31777
31779
31780
31796
31797
31798
31800
31803
31808
31809
31813
31814
31817
31820
31821
31826
31828
31829
31832
31837
31838
31843
31844
31849
31852
31853
31858
31861
31864
31872
31877
31881
31888
31897
31901
31904
31909
31910
31914
31915
31919
31920
31932
31934
31936
31937
31944
31951
31953
31956
31957
31961
31963
31965
31972
31974
31978
31983
31985
31987
31988
31992
31993
31994
31995
31996
31998
32001
32006
32012
32013
32014
32018
32020
32021
32022
32023
32024
32025
32027
32029
32030
32036
32038
32045
32054
32059
32061
32063
32065
32069
32076
32079
32085
32086
32090
32092
32099
32100
32101
32102
32103
32105
32109
32110
32112
32116
32122
32125
32136
32140
32146
32155
32156
32158
32161
32180
32183
32189
32192
32193
32195
32199
32200
32201
32209
32212
32215
32221
32225
32226
32233
32234
32239
32240
32243
32245
32250
32254
32257
32262
32263
32264
32268
32275
32279
32284
32295
32297
32302
32306
32313
32321
32322
32323
32324
32326
32327
32329
32335
32336
32341
32342
32343
32344
32345
32346
32349
32358
32359
32361
32362
32365
32374
32377
32381
32382
32384
32387
32389
32390
32392
32394
32395
32403
32406
32410
32412
32413
32414
32416
32417
32426
32428
32431
32433
32434
32437
32447
32448
32449
32452
32455
32460
32461
32470
32471
32474
32475
32478
32483
32485
32488
32489
32496
32498
32499
32501
32507
32509
32512
32519
32525
32529
32531
32533
32537
32539
32541
32543
32549
32553
32558
32559
32560
32566
32571
32573
32578
32579
32588
32589
32592
32596
32600
32601
32604
32614
32615
32619
32620
32622
32628
32629
32631
32636
32638
32642
32644
32649
32650
32657
32659
32660
32661
32667
32668
32672
32673
32674
32675
32682
32685
32688
32690
32691
32695
32698
32702
32704
32706
32711
32712
32713
32714
32715
32722
32728
32729
32733
32736
32737
32739
32743
32744
32746
32747
32750
32755
32756
32758
32761
32763
32764
32770
32772
32773
32774
32776
32781
32787
32790
32791
32792
32794
32807
32808
32809
32810
32814
32820
32821
32823
32824
32831
32834
32835
32837
32838
32847
32849
32850
32852
32853
32854
32859
32860
32866
32873
32874
32877
32880
32883
32884
32898
32903
32905
32911
32912
32915
32922
32923
32924
32928
32929
32930
32933
32935
32940
32942
32943
32945
32948
32949
32951
32954
32955
32956
32960
32962
32963
32964
32970
32971
32972
32977
32979
32983
32986
32988
32993
32994
32995
32996
33006
33012
33013
33018
33019
33024
33029
33030
33036
33039
33040
33043
33049
33051
33053
33059
33062
33063
33066
33067
33076
33079
33082
33084
33085
33087
33091
33092
33102
33105
33107
33109
33111
33112
33113
33114
33117
33118
33128
33133
33134
33138
33143
33152
33153
33154
33156
33158
33161
33168
33172
33174
33177
33180
33183
33185
33188
33191
33192
33193
33197
33198
33201
33203
33205
33211
33212
33213
33217
33219
33222
33224
33226
33227
33228
33230
33232
33235
33241
33247
33249
33253
33254
33256
33272
33276
33277
33280
33282
33285
33289
33292
33295
33297
33299
33302
33305
33307
33309
33312
33313
33314
33319
33320
33324
33329
33341
33352
33356
33359
33362
33363
33365
33366
33368
33369
33375
33377
33378
33381
33383
33388
33394
33397
33398
33402
33404
33408
33409
33410
33412
33415
33416
33419
33422
33425
33428
33430
33431
33432
33433
33434
33439
33441
33442
33445
33446
33447
33448
33450
33455
33457
33463
33467
33470
33480
33483
33485
33492
33498
33510
33513
33514
33518
33521
33523
33524
33532
33535
33544
33551
33552
33553
33554
33555
33556
33557
33562
33563
33569
33571
33572
33575
33577
33578
33580
33581
33582
33585
33589
33592
33593
33601
33613
33616
33624
33631
33633
33639
33640
33643
33645
33650
33656
33659
33663
33664
33666
33670
33674
33679
33680
33682
33688
33690
33691
33704
33715
33720
33721
33727
33728
33731
33733
33734
33743
33744
33746
33752
33755
33756
33759
33761
33762
33763
33764
33768
33772
33773
33775
33777
33778
33780
33781
33783
33784
33785
33788
33791
33792
33797
33801
33805
33809
33817
33824
33825
33828
33830
33837
33839
33845
33854
33856
33863
33866
33868
33870
33874
33876
33880
33883
33886
33887
33888
33889
33892
33894
33897
33899
33901
33905
33909
33911
33912
33920
33924
33925
33929
33931
33941
33948
33954
33955
33966
33968
33974
33977
33978
33984
33986
33987
33991
33994
33998
33999
34001
34004
34007
34008
34011
34015
34019
34022
34028
34029
34030
34034
34038
34039
34040
34046
34048
34050
34051
34052
34058
34062
34065
34068
34070
34071
34077
34081
34082
34090
34093
34097
34100
34103
34104
34109
34110
34111
34112
34113
34115
34117
34118
34120
34124
34129
34130
34132
34136
34137
34139
34143
34146
34147
34148
34154
34157
34159
34160
34162
34167
34170
34173
34177
34178
34181
34185
34186
34188
34191
34192
34193
34195
34197
34199
34200
34201
34202
34203
34205
34207
34208
34212
34215
34216
34218
34222
34227
34229
34230
34235
34236
34237
34240
34243
34247
34250
34251
34252
34255
34256
34258
34260
34263
34264
34266
34268
34274
34275
34276
34278
34280
34282
34283
34286
34287
34293
34294
34307
34308
34312
34314
34316
34317
34330
34331
34333
34335
34336
34342
34346
34350
34358
34359
34366
34367
34370
34371
34376
34380
34382
34390
34394
34400
34404
34406
34413
34417
34418
34429
34436
34439
34449
34451
34456
34459
34465
34467
34468
34469
34472
34473
34476
34477
34478
34484
34487
34488
34491
34492
34504
34505
34507
34509
34510
34511
34512
34514
34515
34518
34519
34520
34525
34528
34529
34532
34536
34538
34540
34544
34547
34550
34553
34558
34561
34563
34567
34581
34585
34587
34588
34592
34594
34597
34599
34600
34601
34602
34605
34612
34617
34618
34620
34624
34625
34626
34627
34630
34633
34639
34641
34645
34658
34661
34664
34666
34668
34669
34677
34679
34682
34684
34685
34695
34698
34699
34702
34703
34704
34705
34709
34713
34715
34716
34717
34718
34719
34723
34725
34729
34730
34733
34736
34739
34740
34742
34743
34746
34749
34751
34752
34753
34754
34764
34765
34768
34769
34772
34775
34778
34780
34782
34784
34787
34791
34792
34793
34795
34803
34805
34806
34807
34808
34809
34811
34813
34814
34816
34817
34834
34835
34836
34840
34841
34842
34843
34844
34846
34849
34850
34851
34852
34855
34856
34858
34863
34865
34867
34871
34881
34885
34887
34891
34894
34896
34905
34907
34910
34912
34913
34918
34922
34924
34930
34936
34938
34941
34942
34947
34950
34954
34957
34961
34973
34976
34977
34980
34981
34984
34986
34988
34991
34994
34999
35003
35007
35008
35011
35013
35019
35022
35023
35025
35030
35033
35036
35040
35042
35050
35052
35054
35056
35060
35065
35067
35068
35069
35071
35074
35075
35077
35082
35083
35084
35086
35088
35090
35094
35098
35111
35112
35118
35122
35123
35128
35130
35131
35132
35133
35134
35135
35136
35140
35152
35156
35157
35159
35161
35163
35164
35165
35166
35167
35168
35169
35171
35175
35176
35178
35179
35180
35185
35186
35188
35196
35198
35199
35201
35203
35204
35207
35208
35214
35219
35220
35221
35224
35235
35237
35246
35253
35254
35258
35263
35268
35271
35279
35280
35284
35292
35295
35304
35306
35309
35312
35317
35326
35330
35339
35340
35341
35342
35347
35349
35351
35355
35356
35359
35363
35365
35366
35368
35369
35370
35372
35373
35374
35376
35378
35379
35380
35384
35385
35387
35395
35397
35400
35406
35407
35408
35409
35410
35411
35412
35418
35420
35421
35422
35423
35424
35427
35428
35430
35433
35437
35438
35439
35444
35445
35446
35451
35455
35456
35459
35460
35461
35462
35464
35465
35472
35476
35481
35484
35488
35492
35493
35494
35495
35500
35501
35504
35505
35511
35512
35521
35525
35529
35530
35539
35542
35544
35547
35549
35552
35557
35559
35563
35567
35572
35577
35579
35580
35586
35587
35588
35589
35590
35592
35596
35600
35601
35603
35604
35607
35614
35615
35616
35617
35619
35625
35626
35627
35628
35629
35631
35632
35634
35636
35637
35638
35641
35645
35647
35648
35653
35654
35656
35660
35663
35664
35667
35670
35672
35675
35678
35681
35682
35683
35687
35689
35692
35693
35694
35696
35697
35702
35705
35706
35725
35730
35734
35735
35736
35741
35743
35744
35746
35748
35761
35762
35763
35773
35777
35780
35783
35787
35788
35791
35794
35799
35801
35802
35804
35805
35809
35810
35817
35821
35823
35824
35827
35831
35832
35834
35837
35844
35850
35860
35861
35862
35864
35867
35870
35872
35880
35885
35887
35888
35892
35898
35902
35903
35906
35907
35909
35910
35914
35917
35921
35928
35930
35932
35934
35941
35944
35949
35953
35954
35958
35960
35961
35964
35966
35968
35969
35974
35978
35982
35984
35989
35992
35994
35995
35996
36013
36016
36021
36022
36030
36034
36035
36037
36042
36045
36047
36049
36050
36051
36054
36056
36057
36059
36061
36062
36063
36067
36074
36075
36078
36087
36092
36095
36096
36097
36101
36106
36107
36111
36117
36121
36122
36123
36125
36131
36137
36140
36147
36148
36153
36155
36158
36160
36166
36167
36174
36179
36183
36187
36189
36193
36194
36199
36200
36203
36214
36216
36217
36224
36226
36230
36232
36233
36236
36240
36244
36254
36255
36260
36265
36267
36269
36270
36273
36274
36277
36282
36284
36288
36289
36291
36292
36293
36294
36297
36299
36301
36303
36311
36315
36316
36319
36321
36323
36325
36327
36331
36339
36340
36344
36347
36349
36355
36358
36363
36364
36365
36369
36371
36375
36378
36379
36380
36383
36385
36386
36388
36391
36397
36400
36402
36403
36404
36405
36407
36410
36412
36415
36417
36419
36424
36430
36434
36435
36438
36444
36446
36448
36456
36457
36459
36465
36466
36468
36471
36473
36482
36488
36500
36502
36510
36514
36515
36516
36517
36524
36531
36533
36534
36535
36542
36543
36547
36548
36550
36552
36557
36559
36565
36567
36571
36572
36574
36576
36578
36581
36585
36588
36589
36599
36600
36604
36612
36617
36626
36628
36629
36630
36634
36636
36643
36644
36647
36649
36650
36651
36652
36653
36655
36662
36664
36665
36666
36668
36669
36675
36677
36679
36680
36682
36684
36688
36690
36691
36694
36696
36697
36699
36703
36708
36709
36714
36722
36727
36729
36730
36732
36733
36735
36740
36742
36746
36769
36772
36783
36784
36785
36786
36787
36796
36798
36799
36808
36809
36813
36818
36821
36823
36833
36840
36841
36844
36852
36854
36855
36858
36859
36866
36867
36869
36875
36884
36885
36886
36889
36894
36899
36900
36906
36908
36913
36918
36921
36922
36923
36924
36925
36926
36932
36935
36936
36937
36938
36941
36947
36949
36952
36954
36955
36956
36958
36963
36965
36967
36969
36972
36974
36978
36979
36982
36984
36991
36993
36994
36997
37000
37005
37012
37014
37017
37019
37023
37025
37030
37031
37037
37039
37047
37051
37053
37055
37056
37057
37063
37064
37065
37066
37068
37076
37077
37078
37079
37083
37089
37102
37109
37110
37111
37114
37115
37116
37121
37124
37126
37130
37134
37136
37137
37140
37141
37148
37153
37159
37169
37170
37171
37174
37179
37180
37181
37184
37185
37187
37190
37198
37205
37207
37209
37211
37214
37216
37217
37220
37221
37223
37225
37228
37234
37242
37243
37245
37248
37250
37254
37255
37257
37263
37264
37270
37271
37276
37278
37279
37282
37284
37287
37289
37290
37291
37294
37299
37303
37304
37306
37309
37312
37313
37314
37316
37319
37322
37324
37325
37326
37329
37339
37342
37343
37350
37351
37355
37362
37368
37371
37372
37373
37374
37379
37380
37382
37391
37392
37393
37395
37405
37412
37413
37414
37415
37417
37419
37422
37429
37438
37440
37442
37450
37452
37464
37465
37468
37471
37473
37475
37482
37486
37492
37496
37504
37507
37511
37514
37515
37517
37519
37521
37523
37524
37526
37528
37530
37531
37533
37534
37538
37539
37540
37543
37545
37550
37553
37561
37562
37563
37564
37570
37579
37580
37587
37590
37593
37600
37601
37603
37606
37609
37611
37615
37618
37620
37621
37625
37629
37632
37635
37637
37638
37640
37649
37656
37657
37658
37662
37663
37665
37666
37669
37672
37674
37675
37679
37681
37686
37688
37694
37696
37699
37703
37704
37705
37706
37707
37711
37712
37715
37724
37725
37728
37729
37731
37732
37734
37739
37740
37746
37749
37750
37753
37755
37757
37759
37765
37769
37772
37775
37776
37778
37779
37790
37792
37793
37796
37798
37799
37800
37802
37805
37818
37820
37827
37830
37832
37834
37835
37836
37838
37844
37847
37852
37853
37855
37856
37860
37864
37866
37872
37874
37882
37883
37885
37888
37895
37899
37900
37912
37914
37917
37918
37922
37924
37931
37935
37938
37939
37940
37942
37944
37946
37949
37950
37952
37959
37962
37964
37968
37969
37972
37974
37975
37976
37982
37983
37989
37990
37993
37994
37996
38003
38005
38006
38007
38012
38021
38027
38028
38033
38037
38038
38041
38042
38046
38055
38058
38059
38060
38061
38062
38068
38072
38074
38075
38078
38081
38082
38088
38089
38090
38092
38096
38101
38110
38112
38113
38115
38119
38120
38128
38129
38136
38137
38139
38140
38141
38145
38148
38156
38157
38158
38159
38166
38175
38178
38183
38186
38187
38189
38191
38192
38196
38197
38202
38204
38205
38207
38210
38212
38213
38214
38217
38219
38240
38243
38245
38247
38250
38259
38262
38268
38272
38283
38293
38297
38299
38301
38306
38309
38311
38319
38320
38321
38325
38329
38332
38335
38341
38347
38351
38353
38355
38356
38357
38359
38361
38372
38373
38374
38379
38385
38386
38393
38396
38402
38410
38421
38424
38425
38426
38430
38434
38444
38446
38449
38450
38452
38453
38454
38458
38469
38473
38479
38483
38486
38501
38505
38507
38509
38511
38512
38514
38516
38519
38522
38524
38526
38527
38529
38531
38532
38535
38538
38539
38541
38542
38553
38556
38558
38563
38566
38568
38571
38574
38580
38582
38587
38589
38592
38593
38595
38596
38598
38615
38623
38624
38626
38630
38639
38640
38641
38644
38647
38651
38654
38655
38657
38659
38667
38671
38674
38675
38677
38683
38684
38689
38690
38691
38696
38698
38699
38700
38702
38709
38712
38715
38720
38723
38724
38728
38733
38734
38735
38737
38738
38744
38751
38752
38753
38761
38768
38769
38771
38776
38780
38781
38782
38783
38787
38788
38790
38799
38800
38808
38814
38815
38817
38819
38821
38823
38827
38831
38832
38834
38838
38839
38841
38846
38847
38850
38853
38858
38864
38870
38876
38877
38880
38884
38885
38886
38889
38890
38891
38892
38897
38898
38900
38901
38902
38908
38912
38914
38915
38918
38926
38933
38934
38935
38940
38944
38950
38951
38954
38957
38958
38960
38967
38969
38985
38989
38992
38998
39002
39003
39007
39008
39010
39011
39012
39013
39016
39019
39020
39026
39027
39033
39037
39038
39039
39040
39041
39043
39044
39050
39057
39059
39064
39065
39067
39070
39075
39076
39082
39083
39088
39091
39092
39098
39101
39102
39103
39107
39108
39109
39110
39116
39120
39123
39124
39126
39131
39132
39136
39139
39142
39146
39152
39153
39154
39157
39158
39160
39165
39172
39179
39185
39190
39191
39193
39194
39195
39196
39198
39204
39206
39208
39212
39217
39218
39220
39225
39231
39234
39235
39239
39248
39249
39250
39252
39256
39257
39262
39263
39264
39267
39273
39274
39276
39278
39281
39284
39287
39288
39289
39291
39293
39295
39297
39301
39303
39304
39306
39307
39309
39310
39311
39314
39319
39320
39321
39331
39335
39336
39340
39350
39358
39360
39362
39364
39366
39370
39374
39375
39378
39379
39382
39383
39384
39388
39392
39399
39403
39407
39408
39409
39413
39417
39429
39430
39432
39437
39438
39439
39442
39446
39447
39450
39451
39454
39455
39457
39458
39459
39471
39474
39476
39478
39483
39485
39488
39489
39495
39498
39507
39511
39512
39513
39517
39519
39521
39523
39525
39527
39529
39530
39533
39534
39537
39545
39546
39552
39553
39558
39564
39567
39574
39576
39582
39584
39586
39587
39589
39593
39595
39597
39600
39601
39602
39608
39609
39614
39626
39628
39630
39633
39634
39635
39637
39638
39641
39644
39645
39647
39648
39651
39654
39659
39660
39661
39665
39667
39672
39673
39674
39676
39677
39678
39681
39683
39684
39685
39695
39698
39700
39702
39705
39709
39711
39713
39715
39717
39726
39731
39733
39735
39736
39737
39745
39747
39748
39750
39752
39758
39768
39769
39770
39771
39781
39782
39787
39793
39802
39806
39809
39813
39817
39819
39824
39830
39836
39841
39843
39854
39855
39856
39857
39861
39865
39874
39877
39884
39890
39899
39900
39906
39912
39914
39916
39917
39919
39922
39925
39928
39931
39933
39941
39943
39944
39947
39948
39954
39956
39958
39965
39973
39975
39978
39979
39981
39982
39987
39992
39995
39999
40002
40010
40011
40015
40017
40022
40024
40025
40026
40029
40030
40031
40034
40035
40040
40041
40044
40047
40051
40054
40055
40057
40060
40062
40063
40064
40069
40072
40076
40079
40083
40085
40093
40097
40099
40101
40107
40111
40115
40122
40131
40134
40136
40138
40141
40147
40153
40155
40168
40172
40175
40184
40189
40190
40192
40194
40200
40203
40204
40205
40209
40212
40220
40224
40229
40231
40232
40235
40238
40245
40248
40249
40257
40258
40265
40266
40268
40269
40272
40277
40280
40282
40285
40288
40291
40292
40299
40304
40305
40306
40311
40312
40317
40319
40322
40324
40329
40331
40333
40334
40347
40352
40353
40357
40358
40362
40363
40365
40367
40370
40372
40373
40374
40375
40376
40377
40381
40385
40388
40391
40392
40393
40396
40397
40399
40401
40404
40408
40409
40413
40414
40415
40419
40425
40434
40437
40447
40449
40452
40460
40461
40463
40465
40467
40468
40469
40474
40475
40478
40479
40485
40486
40495
40497
40499
40503
40507
40508
40509
40511
40512
40518
40523
40525
40526
40530
40531
40533
40536
40541
40549
40550
40555
40556
40561
40565
40572
40573
40574
40577
40579
40580
40588
40589
40595
40598
40599
40600
40603
40605
40606
40609
40611
40612
40613
40616
40620
40625
40626
40633
40634
40635
40637
40638
40641
40643
40644
40647
40648
40654
40655
40657
40669
40672
40674
40676
40677
40678
40682
40691
40692
40696
40699
40700
40708
40715
40716
40717
40718
40721
40730
40737
40745
40750
40751
40753
40755
40759
40760
40761
40767
40769
40773
40775
40779
40781
40782
40784
40787
40791
40798
40800
40803
40811
40812
40813
40814
40818
40820
40822
40823
40824
40826
40827
40832
40834
40837
40839
40842
40847
40853
40861
40867
40869
40870
40872
40876
40877
40878
40880
40889
40893
40894
40895
40896
40897
40899
40900
40906
40908
40910
40912
40913
40920
40922
40924
40927
40929
40930
40934
40936
40937
40940
40941
40942
40945
40946
40948
40949
40952
40958
40961
40965
40967
40969
40971
40972
40975
40977
40978
40993
40994
40999
41010
41011
41016
41017
41018
41033
41036
41039
41040
41048
41052
41055
41056
41057
41058
41061
41062
41063
41066
41071
41072
41074
41077
41081
41084
41085
41087
41088
41093
41097
41102
41103
41109
41111
41115
41121
41122
41124
41129
41130
41134
41137
41138
41141
41145
41156
41158
41159
41161
41163
41166
41170
41172
41177
41180
41183
41184
41185
41191
41193
41196
41199
41200
41204
41206
41208
41212
41217
41221
41222
41227
41229
41231
41233
41239
41240
41241
41244
41245
41247
41250
41264
41267
41272
41274
41275
41276
41283
41284
41290
41291
41294
41300
41303
41304
41307
41313
41314
41315
41325
41327
41328
41331
41332
41334
41336
41348
41349
41351
41353
41355
41356
41358
41363
41364
41366
41374
41375
41376
41378
41379
41386
41390
41391
41400
41408
41415
41416
41420
41421
41423
41426
41432
41434
41442
41446
41448
41456
41457
41458
41460
41463
41465
41466
41467
41470
41472
41474
41476
41477
41485
41487
41488
41489
41490
41494
41496
41501
41505
41509
41512
41514
41517
41521
41524
41525
41536
41540
41542
41545
41546
41547
41549
41550
41551
41552
41557
41563
41571
41573
41575
41577
41579
41580
41582
41583
41585
41587
41588
41590
41595
41596
41600
41601
41603
41606
41608
41610
41614
41618
41624
41631
41634
41637
41638
41639
41642
41644
41651
41655
41663
41665
41666
41668
41669
41670
41675
41677
41678
41683
41686
41688
41692
41697
41698
41701
41706
41707
41708
41718
41722
41725
41726
41728
41730
41736
41739
41744
41750
41752
41753
41764
41767
41774
41777
41779
41780
41785
41786
41789
41795
41806
41809
41810
41812
41813
41815
41819
41820
41831
41835
41842
41843
41854
41856
41860
41863
41868
41869
41871
41875
41878
41885
41892
41894
41895
41897
41907
41909
41910
41918
41922
41924
41926
41928
41930
41936
41937
41939
41945
41947
41948
41959
41960
41961
41966
41968
41970
41973
41980
41981
41985
41988
41989
41998
42000
42004
42006
42007
42009
42013
42014
42015
42020
42022
42024
42026
42027
42028
42031
42034
42041
42042
42046
42050
42053
42054
42056
42059
42061
42062
42064
42067
42068
42070
42076
42080
42083
42084
42087
42088
42090
42093
42094
42096
42098
42099
42100
42107
42109
42111
42114
42116
42119
42121
42125
42129
42131
42132
42137
42139
42140
42142
42145
42146
42147
42150
42152
42153
42156
42157
42161
42162
42167
42171
42173
42175
42178
42181
42186
42187
42189
42193
42198
42199
42204
42206
42208
42209
42210
42214
42216
42218
42219
42221
42224
42225
42226
42227
42235
42246
42247
42248
42250
42252
42255
42257
42258
42280
42282
42283
42287
42288
42289
42291
42293
42296
42298
42299
42300
42311
42313
42315
42317
42322
42323
42330
42334
42335
42336
42340
42346
42354
42356
42362
42365
42370
42377
42379
42383
42384
42386
42387
42392
42394
42400
42404
42405
42406
42408
42410
42411
42419
42421
42422
42423
42434
42435
42436
42437
42438
42447
42448
42450
42455
42457
42462
42463
42465
42466
42473
42476
42478
42479
42491
42495
42496
42498
42499
42507
42509
42518
42519
42520
42522
42523
42529
42530
42534
42536
42543
42547
42552
42553
42558
42564
42565
42569
42570
42573
42582
42585
42589
42593
42597
42598
42599
42601
42604
42608
42609
42610
42612
42617
42621
42625
42626
42627
42628
42632
42634
42637
42643
42646
42647
42654
42656
42660
42665
42672
42681
42685
42686
42689
42690
42691
42696
42698
42703
42708
42714
42718
42719
42720
42721
42722
42723
42725
42726
42730
42731
42732
42734
42739
42742
42743
42745
42747
42752
42755
42756
42757
42763
42771
42780
42783
42786
42787
42789
42790
42791
42796
42802
42806
42808
42812
42813
42814
42815
42816
42820
42821
42830
42833
42837
42844
42847
42849
42851
42863
42868
42869
42871
42876
42879
42880
42886
42888
42895
42900
42902
42904
42907
42909
42915
42916
42918
42920
42922
42923
42932
42936
42941
42949
42953
42954
42963
42968
42974
42980
42984
42985
42986
42988
42990
42991
42993
42995
42996
42998
42999
43000
43010
43023
43026
43028
43029
43030
43031
43036
43037
43038
43039
43041
43042
43045
43046
43050
43054
43056
43069
43074
43079
43080
43083
43084
43086
43087
43089
43096
43097
43100
43103
43109
43113
43114
43115
43116
43119
43120
43128
43132
43133
43134
43136
43138
43139
43140
43145
43147
43148
43150
43161
43172
43181
43184
43185
43190
43196
43203
43211
43214
43215
43227
43228
43231
43232
43234
43236
43238
43240
43242
43244
43247
43250
43260
43272
43273
43275
43277
43278
43279
43281
43293
43299
43300
43301
43308
43310
43313
43318
43322
43324
43329
43331
43334
43336
43337
43341
43342
43346
43350
43354
43356
43361
43362
43363
43367
43376
43377
43379
43382
43383
43388
43390
43395
43396
43402
43403
43407
43408
43411
43413
43416
43421
43423
43428
43429
43436
43442
43443
43447
43448
43449
43456
43460
43463
43465
43466
43469
43470
43475
43476
43480
43487
43489
43490
43491
43492
43497
43501
43505
43506
43514
43515
43517
43521
43523
43524
43525
43532
43533
43534
43536
43540
43550
43551
43554
43555
43564
43570
43574
43576
43577
43579
43581
43583
43585
43587
43591
43594
43595
43596
43601
43602
43607
43608
43609
43613
43614
43617
43620
43621
43624
43625
43628
43634
43639
43640
43641
43642
43643
43649
43653
43655
43660
43662
43673
43675
43676
43679
43680
43685
43698
43708
43710
43711
43712
43713
43720
43722
43723
43726
43728
43729
43735
43737
43746
43749
43750
43754
43757
43764
43767
43775
43782
43789
43795
43796
43798
43805
43811
43816
43817
43820
43823
43824
43825
43828
43830
43832
43833
43834
43835
43839
43840
43844
43845
43846
43853
43855
43857
43858
43859
43860
43873
43882
43883
43884
43885
43887
43893
43894
43902
43907
43922
43926
43930
43931
43934
43938
43940
43945
43946
43947
43948
43949
43951
43952
43953
43955
43956
43957
43958
43959
43960
43967
43976
43977
43979
43981
43985
43987
43993
43998
44005
44008
44009
44015
44017
44018
44022
44023
44027
44028
44035
44037
44038
44042
44047
44051
44054
44057
44058
44059
44066
44075
44078
44091
44093
44096
44097
44103
44116
44118
44122
44123
44124
44126
44133
44134
44137
44142
44143
44146
44147
44151
44155
44158
44161
44163
44167
44169
44171
44174
44177
44181
44183
44185
44187
44190
44193
44196
44201
44208
44212
44213
